500
10
0001100101 1.0
1100110000 1.0
1011111110 1.0
1111001010 1.0
1010011010 1.0
0110110100 1.0
1010011011 1.0
1010000011 1.0
0100110010 1.0
1110010011 1.0
0110001001 1.0
1000111000 1.0
0100010000 1.0
1000010111 1.0
0101111110 1.0
0010010100 1.0
0110001010 1.0
0100010010 1.0
0100111011 1.0
1010011001 1.0
0010011011 1.0
0011001111 1.0
1011111001 1.0
1001101001 1.0
0010001110 1.0
1110110000 1.0
1110110111 1.0
1000011111 1.0
1110110011 1.0
1000001000 1.0
0111001011 1.0
0011001000 1.0
1100101011 1.0
1110111100 1.0
1101111100 1.0
0100101000 1.0
1110100010 1.0
1000110110 1.0
0110001010 1.0
1011001011 1.0
0110011000 1.0
0111111010 1.0
1110011111 1.0
1111110001 1.0
0111001111 1.0
0101001100 1.0
0100110010 1.0
0110010100 1.0
0000111101 1.0
1010010010 1.0
0111111010 1.0
0110010011 1.0
0010011110 1.0
1110001010 1.0
1001001101 1.0
1000101010 1.0
1000011000 1.0
1110010110 1.0
1100110110 1.0
1111001101 1.0
1111100011 1.0
0010001001 1.0
1100110100 1.0
1110110110 1.0
1111100001 1.0
1111111001 1.0
1000010101 1.0
1010000011 1.0
0101100110 1.0
1110100110 1.0
0110111101 1.0
0001011100 1.0
0000100011 1.0
1000100000 1.0
0111110010 1.0
0010100011 1.0
0110011010 1.0
0001100000 1.0
0101100010 1.0
1101111011 1.0
1111100010 1.0
0110011100 1.0
1011100001 1.0
0111111110 1.0
0110111111 1.0
0110000110 1.0
1111111110 1.0
1111100001 1.0
1010001001 1.0
1100100010 1.0
0100010100 1.0
0111010110 1.0
0111001010 1.0
0001100001 1.0
0101111011 1.0
1001100001 1.0
1100110100 1.0
0111001110 1.0
0001101001 1.0
0010111110 1.0
0010011010 1.0
1001000001 1.0
0100011111 1.0
1000100000 1.0
0111001100 1.0
0110010110 1.0
0100010110 1.0
0100011101 1.0
0100100110 1.0
1111010010 1.0
1111111110 1.0
0110010010 1.0
0111011110 1.0
1000100111 1.0
1110001100 1.0
0101001000 1.0
1100000010 1.0
0111001110 1.0
1100110100 1.0
0011001010 1.0
1001100110 1.0
0111011110 1.0
1101001011 1.0
0101110100 1.0
0011000010 1.0
0011001110 1.0
0110100010 1.0
1101001011 1.0
1011001000 1.0
1000000100 1.0
0000000010 1.0
0101111011 1.0
1010000000 1.0
1110010011 1.0
0101110010 1.0
0010011000 1.0
0001111010 1.0
0111010010 1.0
1001100000 1.0
1100101011 1.0
0010101001 1.0
1010001001 1.0
0001100010 1.0
0101000110 1.0
0110011000 1.0
0010001111 1.0
1001110001 1.0
1110111100 1.0
1001100001 1.0
1101110100 1.0
1111101000 1.0
1001111000 1.0
1110010110 1.0
0111110110 1.0
0100111010 1.0
1101111010 1.0
1110110100 1.0
0000111100 1.0
0011001100 1.0
0011001010 1.0
1000111101 1.0
1101001010 1.0
1100100010 1.0
0010001110 1.0
0000110000 1.0
1101100010 1.0
1000000101 1.0
1011011000 1.0
0111001111 1.0
0111101011 1.0
0100111010 1.0
0000011100 1.0
1100011000 1.0
1100110110 1.0
1100101001 1.0
1110110011 1.0
0011011100 1.0
0000011000 1.0
0010001111 1.0
0010010000 1.0
1111110011 1.0
1111011010 1.0
0000101010 1.0
0010011101 1.0
1101101100 1.0
1101010001 1.0
0000010110 1.0
0111001101 1.0
1001100110 1.0
1100110111 1.0
0111011001 1.0
1000111001 1.0
0011011011 1.0
1000010010 1.0
0001001000 1.0
1101110011 1.0
1001010111 1.0
0010011001 1.0
1011011100 1.0
1011000110 1.0
1010011100 1.0
0111001101 1.0
0100110011 1.0
1000000100 1.0
1100110101 1.0
1001101001 1.0
1110111011 1.0
1000110010 1.0
0010110110 1.0
1110010010 1.0
1111010110 1.0
1011001001 1.0
0110011101 1.0
1010001001 1.0
1101101111 1.0
0100111000 1.0
1010001001 1.0
1011001000 1.0
1000001010 1.0
1111001011 1.0
1001110111 1.0
1110001010 1.0
0110010110 1.0
1110110100 1.0
0001111100 1.0
0011001011 1.0
1000011000 1.0
1001000010 1.0
0110011010 1.0
1010001011 1.0
1010101000 1.0
0010001100 1.0
1110110010 1.0
1010110110 1.0
0001100100 1.0
0110011101 1.0
0110011011 1.0
0000110000 1.0
1011111010 1.0
1011001000 1.0
1011000010 1.0
1110100111 1.0
1000100101 1.0
0000110101 1.0
1011101000 1.0
1010010101 1.0
1010111111 1.0
1111001111 1.0
1110011010 1.0
0010001110 1.0
1100010111 1.0
1000000010 1.0
0111001001 1.0
0010011100 1.0
1110110110 1.0
0111001101 1.0
0100100000 1.0
1101111110 1.0
1011010100 1.0
1110011100 1.0
1000101101 1.0
1110110100 1.0
0100111101 1.0
1010011110 1.0
1010110011 1.0
0010000100 1.0
1110001010 1.0
0010010001 1.0
0010011000 1.0
0111111001 1.0
1011010000 1.0
0001001011 1.0
0101111101 1.0
0110111011 1.0
1111100011 1.0
1000000101 1.0
1111011010 1.0
1010010100 1.0
0010001000 1.0
0111001110 1.0
1101101010 1.0
0010001001 1.0
1011001011 1.0
1010011100 1.0
0110001111 1.0
0110100000 1.0
1100110011 1.0
0011001111 1.0
1010010100 1.0
1000111001 1.0
1110100001 1.0
0011011001 1.0
0001111001 1.0
0101110111 1.0
1000110000 1.0
0010111001 1.0
1000010100 1.0
0111011100 1.0
1100110011 1.0
1111011010 1.0
0000110001 1.0
1010100011 1.0
1110001011 1.0
0100101100 1.0
1001110000 1.0
1000001000 1.0
0010100000 1.0
0110100010 1.0
1110000010 1.0
0011011101 1.0
1100011010 1.0
1100000100 1.0
0111100000 1.0
1000111011 1.0
0110001110 1.0
1000001010 1.0
0010000010 1.0
0111010100 1.0
1010000111 1.0
1111101111 1.0
0111011111 1.0
1110000010 1.0
1100110001 1.0
0100011110 1.0
1000110000 1.0
1101010110 1.0
1110100100 1.0
1011000101 1.0
0000010000 1.0
0011101010 1.0
0010001100 1.0
0110010110 1.0
1011011111 1.0
0011001010 1.0
1000100001 1.0
1101000011 1.0
0010011101 1.0
1100111101 1.0
1010011010 1.0
0110110110 1.0
0110110110 1.0
0010011101 1.0
1000110111 1.0
0101101011 1.0
0110011101 1.0
0011001100 1.0
0010011000 1.0
1111010011 1.0
1100010011 1.0
0100110110 1.0
1000010000 1.0
1010001000 1.0
0011001000 1.0
0111000010 1.0
1010011101 1.0
0010000011 1.0
0111101111 1.0
0011110111 1.0
0010110110 1.0
1101110000 1.0
1000001101 1.0
0010001000 1.0
1100100010 1.0
1010001010 1.0
0110110100 1.0
1101110001 1.0
0010110000 1.0
0110000110 1.0
1010010101 1.0
0100111101 1.0
1000111000 1.0
0000011101 1.0
0011000110 1.0
1100111011 1.0
1000010110 1.0
0100110001 1.0
1001100110 1.0
0000000101 1.0
0100110010 1.0
1000110001 1.0
0000110000 1.0
1100110101 1.0
0100011110 1.0
0011001110 1.0
0010011101 1.0
1000010111 1.0
1000010000 1.0
1100110110 1.0
1010000000 1.0
0110010110 1.0
1110000111 1.0
0000100010 1.0
0010001001 1.0
0100110011 1.0
0010011011 1.0
1000111000 1.0
0010001001 1.0
1000100110 1.0
0000111111 1.0
0010010100 1.0
1000010110 1.0
1100100011 1.0
1000010000 1.0
0100110111 1.0
1001011001 1.0
1010001101 1.0
0110010001 1.0
1100100111 1.0
0110111011 1.0
1101101011 1.0
0110101011 1.0
1100111001 1.0
1010011001 1.0
0100111010 1.0
0111100110 1.0
1010001010 1.0
0110010110 1.0
0111000010 1.0
1010001010 1.0
1010010110 1.0
1001111011 1.0
0110011011 1.0
0101110001 1.0
1100110010 1.0
1100110000 1.0
0100011010 1.0
1100101011 1.0
1010010101 1.0
1011101010 1.0
0000000110 1.0
0010011110 1.0
1000100010 1.0
0110011101 1.0
0010011001 1.0
1001110000 1.0
1101110011 1.0
1110110010 1.0
1010011110 1.0
1101011110 1.0
0000100100 1.0
0000010100 1.0
0010001010 1.0
0001011001 1.0
0010001000 1.0
1100101001 1.0
1001110010 1.0
1110011010 1.0
1000100010 1.0
0101000011 1.0
1010011010 1.0
1111001111 1.0
0010000110 1.0
0000100010 1.0
1001101000 1.0
1010011111 1.0
1111100110 1.0
0111010010 1.0
1001100011 1.0
0111001110 1.0
0111110110 1.0
1111001100 1.0
0011001101 1.0
1111001110 1.0
0010011011 1.0
1010100000 1.0
0101100111 1.0
0110110010 1.0
0111110010 1.0
0100001111 1.0
0010011100 1.0
0100111101 1.0
0100011110 1.0
1100111111 1.0
0001001101 1.0
0011001001 1.0
1000010110 1.0
1111011110 1.0
1000110000 1.0
0010111110 1.0
0000100001 1.0
1001110011 1.0
0010111111 1.0
1100110110 1.0
0010010100 1.0
1001000100 1.0
1010110000 1.0
0111011110 1.0
1110111101 1.0
1010100001 1.0
0010111111 1.0
1100110001 1.0
0100010100 1.0
0101100010 1.0
0011001011 1.0
0000011000 1.0
1010010011 1.0
1011110110 1.0
0000000100 1.0
1111001111 1.0
0000000010 1.0
