413
5
1111X 1.0
X1111 1.0
11111 1.0
01111 1.0
X0111 1.0
11110 0.5
11111 0.5
XX111 1.0
10111 1.0
101X1 1.0
01111 1.0
11011 1.0
X1110 1.0
101X1 1.0
1X111 1.0
11111 1.0
01111 1.0
11X11 1.0
01101 1.0
11110 1.0
01000 1.0
01111 1.0
1111X 1.0
1X111 1.0
11111 1.0
1100X 1.0
00000 1.0
10111 1.0
00101 1.0
11111 1.0
111X1 1.0
10111 1.0
10111 1.0
11110 1.0
11110 1.0
10111 1.0
01111 1.0
10110 1.0
10111 1.0
0X111 1.0
11111 1.0
0X111 1.0
10111 1.0
1X111 1.0
11111 1.0
11110 1.0
1X111 1.0
11001 1.0
1111X 1.0
10101 1.0
11111 1.0
0X010 1.0
11110 1.0
X111X 1.0
11111 1.0
11111 1.0
0X101 1.0
11100 1.0
11011 1.0
01000 1.0
11111 1.0
1X111 1.0
10111 1.0
11100 1.0
01111 1.0
11111 1.0
1XXXX 1.0
11111 1.0
10111 1.0
01111 1.0
00100 1.0
11111 1.0
1111X 1.0
11011 1.0
11111 1.0
10010 1.0
10110 1.0
11010 0.5
11011 0.5
X1111 1.0
11111 1.0
0X101 1.0
1101X 1.0
11110 1.0
110XX 1.0
01110 1.0
X111X 1.0
1111X 1.0
11110 1.0
110XX 1.0
10XX0 1.0
11XXX 1.0
11111 1.0
10110 0.5
10111 0.5
11111 1.0
1011X 1.0
1111X 1.0
1101X 1.0
11111 1.0
1101X 1.0
110XX 1.0
11111 1.0
1X110 1.0
11110 1.0
10XX1 1.0
1111X 1.0
100XX 1.0
1X111 1.0
11111 1.0
11111 1.0
11XX0 1.0
10000 1.0
11110 1.0
11X10 1.0
1100X 1.0
11111 1.0
10X1X 1.0
1111X 1.0
11010 1.0
111X0 1.0
11111 1.0
1111X 1.0
10X10 1.0
1111X 1.0
1100X 1.0
1111X 1.0
1111X 1.0
1011X 1.0
11111 1.0
1101X 1.0
10110 1.0
00110 1.0
1X111 1.0
11110 1.0
11110 1.0
11110 1.0
1111X 1.0
11101 1.0
110XX 1.0
11101 1.0
11X1X 1.0
11X0X 1.0
111XX 1.0
1111X 1.0
1100X 1.0
10111 1.0
1111X 1.0
10000 1.0
11110 1.0
11110 1.0
110X0 1.0
X0001 1.0
11X11 1.0
1X11X 1.0
11X1X 1.0
11X1X 1.0
11X1X 1.0
1100X 1.0
11111 1.0
1X111 1.0
10001 1.0
1X11X 1.0
10110 1.0
11X1X 1.0
01111 1.0
X1111 1.0
11X11 1.0
11010 1.0
11111 1.0
110XX 1.0
11000 1.0
0X000 1.0
1101X 1.0
11001 1.0
10000 1.0
0X110 1.0
11111 1.0
11111 1.0
0X1X1 1.0
00000 1.0
00000 1.0
11X01 1.0
11110 1.0
11110 1.0
01100 1.0
XX11X 1.0
10001 1.0
11000 1.0
00110 1.0
11X1X 1.0
10110 1.0
1111X 1.0
01111 1.0
11110 1.0
01110 1.0
01X11 1.0
0X101 1.0
01101 1.0
10000 1.0
10011 0.5
11011 0.5
11111 1.0
1X111 1.0
01000 1.0
01111 1.0
11000 1.0
01110 1.0
01111 1.0
11001 1.0
11110 1.0
01110 1.0
11111 1.0
11111 1.0
11111 1.0
11111 1.0
11111 1.0
01110 1.0
0000X 1.0
00110 1.0
00110 1.0
01XX1 1.0
10010 1.0
11111 1.0
1XX11 1.0
01110 1.0
01111 1.0
11111 1.0
01100 1.0
0X1XX 1.0
01111 1.0
11111 1.0
01001 1.0
01111 1.0
10111 1.0
XX111 1.0
01111 1.0
11000 0.5
11100 0.5
11111 1.0
01111 1.0
1X11X 1.0
01110 1.0
11110 1.0
11011 1.0
11001 1.0
011X1 1.0
11110 1.0
01110 1.0
11111 1.0
01111 1.0
10111 1.0
XX111 1.0
00000 1.0
01110 1.0
11100 1.0
00110 1.0
0111X 1.0
11110 1.0
11111 1.0
11111 1.0
11010 1.0
11111 1.0
11000 1.0
11111 1.0
11111 1.0
01000 1.0
01111 1.0
00001 1.0
11111 1.0
01101 1.0
0111X 1.0
11111 1.0
11111 1.0
01110 1.0
11110 1.0
11110 1.0
11100 1.0
XX101 1.0
01001 1.0
11111 1.0
11111 1.0
01111 1.0
11011 1.0
00001 1.0
10111 1.0
01111 1.0
11111 1.0
00000 1.0
11111 1.0
XX111 1.0
10100 1.0
11111 1.0
11111 1.0
11111 1.0
11111 1.0
1X000 1.0
01111 1.0
00111 1.0
11X1X 1.0
1X110 1.0
101X1 1.0
11110 1.0
11111 1.0
11111 1.0
11111 1.0
00110 1.0
11111 1.0
0X000 1.0
11111 1.0
11110 1.0
11110 1.0
11110 1.0
01111 1.0
11XXX 1.0
110X1 1.0
1111X 1.0
110X1 1.0
11XXX 1.0
11111 1.0
01110 1.0
11111 1.0
X1001 1.0
11000 1.0
00111 1.0
11111 1.0
X111X 1.0
01000 1.0
00011 1.0
01000 1.0
X1111 1.0
XX111 1.0
01111 1.0
11111 1.0
11111 1.0
XX111 1.0
11111 1.0
11111 1.0
11110 1.0
0X000 1.0
11X0X 1.0
1111X 1.0
0X111 1.0
10111 1.0
X111X 1.0
1100X 1.0
XX111 1.0
1111X 1.0
11X0X 1.0
X1111 1.0
11X1X 1.0
11111 1.0
11111 1.0
11111 1.0
X1111 1.0
XX11X 1.0
1X0X0 1.0
1X11X 1.0
11111 1.0
1X0X0 1.0
11111 1.0
1111X 1.0
1XXX1 1.0
X1101 1.0
11XXX 1.0
00000 1.0
01110 1.0
X111X 1.0
01111 1.0
000X1 1.0
00001 1.0
11111 1.0
01110 1.0
111X1 1.0
X1110 1.0
01110 1.0
11101 1.0
XX111 1.0
11111 1.0
11110 1.0
1X110 1.0
10111 1.0
X11X0 1.0
11X11 1.0
11110 1.0
01110 1.0
01XX0 1.0
01111 1.0
10111 1.0
XX000 1.0
11011 1.0
11X1X 1.0
11111 1.0
01101 1.0
0000X 1.0
11110 1.0
11X11 1.0
11111 1.0
XX0XX 1.0
1111X 1.0
01001 1.0
11111 1.0
0XX0X 1.0
1X0X0 1.0
11111 1.0
XXX0X 1.0
00000 0.5
00001 0.5
1100X 1.0
01110 1.0
0101X 1.0
01110 1.0
01111 1.0
