418
5
11110 1.0
00110 1.0
00110 1.0
01X10 1.0
01100 1.0
00110 0.5
01110 0.5
0X1X0 1.0
01100 1.0
X110X 1.0
01X10 1.0
11110 1.0
XX110 1.0
01100 1.0
01XX0 1.0
01110 1.0
01X10 1.0
11110 1.0
01110 1.0
01110 1.0
00110 1.0
X111X 1.0
1X11X 1.0
011X0 1.0
01110 1.0
01110 1.0
00000 1.0
00100 1.0
01100 1.0
01110 1.0
01110 1.0
01100 1.0
00100 1.0
00110 1.0
01110 1.0
01100 1.0
01110 1.0
00100 1.0
01100 1.0
011X0 1.0
01110 1.0
001X0 1.0
01100 1.0
011X0 1.0
01110 1.0
00110 1.0
011X0 1.0
01110 1.0
01110 1.0
01100 1.0
01110 1.0
0X1X0 1.0
00110 1.0
01110 0.25
01111 0.25
11110 0.25
11111 0.25
01110 1.0
00110 1.0
011X0 1.0
01110 1.0
01110 1.0
01110 1.0
01110 1.0
0X1X0 1.0
01100 1.0
01110 1.0
01110 1.0
01110 1.0
001X0 1.0
01110 1.0
01100 1.0
01110 1.0
00100 1.0
0111X 1.0
0X11X 1.0
01110 1.0
0X110 1.0
0010X 1.0
00100 1.0
X011X 0.5
X111X 0.5
01010 0.5
01110 0.5
00110 1.0
011X0 1.0
0111X 1.0
0X110 1.0
0111X 1.0
01110 1.0
0111X 1.0
1X110 1.0
0X110 1.0
0X110 1.0
01100 1.0
0X110 1.0
0X110 1.0
00100 0.5
01100 0.5
01110 1.0
0X10X 1.0
00110 1.0
01110 1.0
01110 1.0
01110 1.0
0111X 1.0
01110 1.0
001X0 1.0
00110 1.0
01100 1.0
00110 1.0
0X100 1.0
011X0 1.0
01110 1.0
01110 1.0
00110 1.0
00100 1.0
00010 0.5
00110 0.5
00110 1.0
00110 1.0
01110 1.0
00000 1.0
0X110 1.0
01110 1.0
0111X 1.0
01110 1.0
0X110 1.0
00100 1.0
01110 1.0
00110 1.0
11110 1.0
0X110 1.0
00100 1.0
0X110 1.0
01110 1.0
01100 1.0
00100 1.0
011X0 1.0
01110 1.0
11110 1.0
01110 1.0
0X110 1.0
01110 1.0
0X110 1.0
01110 1.0
0X110 1.0
01110 1.0
0X110 1.0
0X110 1.0
0X110 1.0
01100 1.0
0X110 1.0
00100 1.0
00110 1.0
01110 1.0
0X110 1.0
01100 1.0
01110 1.0
0XXX0 1.0
11110 1.0
0X110 1.0
01110 1.0
01X10 1.0
01110 1.0
011X0 1.0
01100 1.0
011X0 1.0
0X100 1.0
01110 1.0
01110 1.0
01010 1.0
00110 1.0
00110 1.0
01110 1.0
00110 1.0
00110 1.0
001X0 1.0
00110 1.0
01110 1.0
00X00 1.0
001X0 1.0
01110 1.0
01110 1.0
011X0 1.0
00X00 1.0
00100 1.0
01110 1.0
00110 1.0
01110 1.0
01110 1.0
011X0 1.0
0X100 1.0
01010 1.0
01100 1.0
X1110 1.0
01100 1.0
XX110 1.0
11110 1.0
01110 1.0
00110 1.0
01110 1.0
011X0 1.0
01110 1.0
00100 1.0
01100 0.5
01110 0.5
01110 1.0
011X0 1.0
00110 1.0
01110 1.0
00110 1.0
00110 1.0
01110 1.0
0X110 1.0
01110 1.0
01110 1.0
01110 1.0
01110 1.0
01110 1.0
01110 1.0
01110 1.0
00010 0.5
00110 0.5
01100 1.0
00100 1.0
01100 1.0
01110 1.0
00100 1.0
01110 1.0
011X0 1.0
01110 1.0
00110 1.0
01110 1.0
01110 1.0
01XX0 1.0
00110 1.0
01110 1.0
01110 1.0
01110 1.0
01100 1.0
0X1X0 1.0
01110 1.0
00010 1.0
01110 1.0
01110 1.0
011X0 1.0
01110 1.0
01110 1.0
01110 1.0
01110 1.0
01110 1.0
01110 1.0
00110 1.0
01110 1.0
01110 1.0
01100 1.0
011X0 1.0
00100 1.0
00110 1.0
01110 1.0
00100 1.0
01110 1.0
01110 1.0
01110 1.0
00110 1.0
00110 1.0
01110 1.0
00110 1.0
01110 1.0
01110 1.0
00010 0.5
00110 0.5
01110 1.0
01100 1.0
01110 1.0
01110 1.0
01110 1.0
01110 1.0
01110 1.0
00110 1.0
01110 1.0
01110 1.0
01110 1.0
011X0 1.0
01010 1.0
01010 1.0
01110 1.0
01110 1.0
01110 1.0
00100 1.0
01100 1.0
01110 1.0
01110 1.0
00100 1.0
01110 1.0
011X0 1.0
00100 1.0
11110 1.0
01110 1.0
01110 1.0
01110 1.0
001X0 1.0
01110 1.0
01100 1.0
01110 1.0
011X0 1.0
01100 1.0
00110 1.0
01110 1.0
01110 1.0
01110 1.0
00100 1.0
01110 1.0
001X0 1.0
0X110 1.0
00110 1.0
01110 1.0
00110 1.0
00110 1.0
01110 1.0
01110 1.0
01110 1.0
01110 1.0
01110 1.0
01110 1.0
01110 1.0
01110 1.0
00110 1.0
01110 1.0
01000 1.0
01110 1.0
01110 1.0
00110 1.0
00100 1.0
00110 1.0
01110 1.0
011X0 1.0
01110 1.0
01110 1.0
00110 1.0
011X0 1.0
01110 1.0
01110 1.0
01110 1.0
000X0 1.0
01110 1.0
01110 1.0
011X0 1.0
0X100 1.0
01110 1.0
0X110 1.0
011X0 1.0
11110 1.0
01110 1.0
01110 1.0
01110 1.0
01110 1.0
01110 1.0
01110 1.0
01110 1.0
011X0 1.0
011X0 1.0
0X1X0 1.0
01110 1.0
001X0 1.0
01110 1.0
01110 1.0
001X0 1.0
01110 1.0
11X10 1.0
00100 1.0
01110 1.0
01110 1.0
01110 1.0
01100 1.0
01100 1.0
01110 1.0
00110 1.0
01110 1.0
00110 1.0
00110 1.0
01110 1.0
011X0 1.0
01111 1.0
00110 1.0
011X0 1.0
01000 1.0
00110 1.0
01110 1.0
00110 1.0
01110 1.0
01110 1.0
01110 1.0
11100 1.0
00XX0 1.0
01110 1.0
11110 1.0
11110 1.0
01010 1.0
01100 1.0
00110 1.0
11110 1.0
01110 1.0
0X1X0 1.0
01110 1.0
01110 1.0
11110 1.0
011X0 1.0
011X0 1.0
01110 1.0
011X0 1.0
00000 1.0
01110 1.0
00110 1.0
0X110 1.0
01110 1.0
01110 1.0
