500
9
110010011 1.0
110010100 1.0
111000100 1.0
101010001 1.0
110010011 1.0
011010000 1.0
001111011 1.0
111000100 1.0
100000011 1.0
111011100 1.0
110000000 1.0
101010000 1.0
000110110 1.0
111010100 1.0
100001100 1.0
100110101 1.0
100000000 1.0
001101001 1.0
111000101 1.0
100110011 1.0
000000000 1.0
101001001 1.0
011000100 1.0
100100101 1.0
111000000 1.0
011010010 1.0
111001010 1.0
101010001 1.0
000000101 1.0
111010010 1.0
110000101 1.0
111111110 1.0
001010000 1.0
001000000 1.0
111010100 1.0
110000101 1.0
000100011 1.0
110010100 1.0
110010100 1.0
111010000 1.0
110001101 1.0
000111011 1.0
000001011 1.0
000010110 1.0
000010000 1.0
001110010 1.0
110111010 1.0
100101101 1.0
100110010 1.0
110110011 1.0
000111011 1.0
010001100 1.0
100111011 1.0
111011000 1.0
100110011 1.0
000000110 1.0
110011011 1.0
001100101 1.0
110011110 1.0
011011101 1.0
110111011 1.0
110010010 1.0
100110011 1.0
001000000 1.0
000100010 1.0
000111111 1.0
000010110 1.0
000110011 1.0
001100010 1.0
110001101 1.0
100110011 1.0
000000100 1.0
000100101 1.0
111011110 1.0
100110000 1.0
001010101 1.0
001110110 1.0
110010001 1.0
001010010 1.0
100111000 1.0
111011001 1.0
110110111 1.0
001101010 1.0
100100000 1.0
101001010 1.0
110101011 1.0
001000100 1.0
000000110 1.0
000100101 1.0
100011011 1.0
101000000 1.0
100110001 1.0
011000000 1.0
111101110 1.0
100110110 1.0
011011100 1.0
100110001 1.0
110010010 1.0
110000001 1.0
001111010 1.0
000100011 1.0
011010100 1.0
101010010 1.0
001011010 1.0
110010011 1.0
000100011 1.0
001110011 1.0
110011101 1.0
001010010 1.0
101100011 1.0
100100101 1.0
111010000 1.0
001110111 1.0
000100011 1.0
110010000 1.0
110010101 1.0
111001001 1.0
111010100 1.0
000000100 1.0
001100101 1.0
101001000 1.0
111010100 1.0
111010100 1.0
100110011 1.0
111001100 1.0
101100001 1.0
011011110 1.0
100011011 1.0
101000100 1.0
100110000 1.0
111010001 1.0
111001100 1.0
011100110 1.0
111011011 1.0
001010001 1.0
001000000 1.0
001000000 1.0
100100101 1.0
000001110 1.0
111010100 1.0
110100110 1.0
000000101 1.0
001010010 1.0
011000101 1.0
001000100 1.0
110011110 1.0
011010010 1.0
111010000 1.0
100111010 1.0
110111111 1.0
110110101 1.0
111000101 1.0
100010011 1.0
100101101 1.0
110011011 1.0
010010010 1.0
100011011 1.0
100111011 1.0
000000101 1.0
100111111 1.0
100000100 1.0
110011110 1.0
011000100 1.0
111000100 1.0
100110101 1.0
001010000 1.0
110011110 1.0
101000100 1.0
000100100 1.0
100000000 1.0
110000100 1.0
111001100 1.0
000000001 1.0
111011100 1.0
011010110 1.0
111011011 1.0
101000100 1.0
110101010 1.0
100110011 1.0
101010000 1.0
010010010 1.0
100111011 1.0
110010011 1.0
110110111 1.0
110010100 1.0
110000110 1.0
110111011 1.0
011000100 1.0
110000001 1.0
100001101 1.0
011011001 1.0
100000001 1.0
011110011 1.0
011000000 1.0
101010000 1.0
100000100 1.0
111011011 1.0
110000100 1.0
001010011 1.0
100000010 1.0
011010001 1.0
110011010 1.0
111000000 1.0
111000101 1.0
110000110 1.0
001111011 1.0
001110110 1.0
110110101 1.0
100100101 1.0
110011100 1.0
100110011 1.0
110010000 1.0
100100011 1.0
110010101 1.0
100110001 1.0
100010000 1.0
011010000 1.0
000100100 1.0
011011001 1.0
000101110 1.0
111100000 1.0
001010000 1.0
110011111 1.0
110111011 1.0
110000101 1.0
100110001 1.0
001000101 1.0
100010001 1.0
011010010 1.0
001100001 1.0
100111110 1.0
010111011 1.0
111001100 1.0
111001100 1.0
001110010 1.0
000110011 1.0
001010010 1.0
100100010 1.0
110010101 1.0
001011011 1.0
001110011 1.0
110110011 1.0
100000000 1.0
101001000 1.0
001100101 1.0
000110010 1.0
100100010 1.0
100010100 1.0
001000100 1.0
101010000 1.0
100101011 1.0
101111010 1.0
001000001 1.0
110010011 1.0
001100000 1.0
100100011 1.0
110011011 1.0
000010000 1.0
011000100 1.0
110111011 1.0
110110101 1.0
100101101 1.0
110111101 1.0
111010100 1.0
110100101 1.0
110110100 1.0
000110010 1.0
101110110 1.0
110001000 1.0
101000001 1.0
110011011 1.0
000010010 1.0
110010101 1.0
110010111 1.0
001110011 1.0
001110010 1.0
101011000 1.0
011010010 1.0
110011010 1.0
100001101 1.0
110011011 1.0
111110011 1.0
010100010 1.0
001000001 1.0
111000100 1.0
100101010 1.0
111011011 1.0
101011100 1.0
111111001 1.0
100101101 1.0
100100101 1.0
001000000 1.0
011010001 1.0
000010110 1.0
001000101 1.0
110010010 1.0
000010001 1.0
011010100 1.0
110111011 1.0
110000101 1.0
110000101 1.0
001010010 1.0
100000101 1.0
100111001 1.0
111110001 1.0
001010110 1.0
001110010 1.0
001110110 1.0
110010011 1.0
100010001 1.0
000100000 1.0
100100111 1.0
001011010 1.0
110011011 1.0
010011011 1.0
000010000 1.0
100111111 1.0
110110100 1.0
011011111 1.0
110010011 1.0
100100000 1.0
100101000 1.0
111011010 1.0
110011100 1.0
000010010 1.0
110001100 1.0
100010000 1.0
111010100 1.0
001100111 1.0
001111011 1.0
000101011 1.0
100000011 1.0
000110011 1.0
101011011 1.0
110011100 1.0
110000101 1.0
110010101 1.0
011010000 1.0
110110101 1.0
100000011 1.0
110100101 1.0
101010101 1.0
001000001 1.0
000100111 1.0
000000110 1.0
000100011 1.0
100010010 1.0
000110110 1.0
000010000 1.0
110010100 1.0
011100110 1.0
110010010 1.0
100001111 1.0
100001100 1.0
100010100 1.0
100010011 1.0
110011100 1.0
011110101 1.0
111000101 1.0
000010011 1.0
110010110 1.0
000111111 1.0
101001101 1.0
000000100 1.0
100101101 1.0
000000000 1.0
111010100 1.0
111000101 1.0
110011010 1.0
111001011 1.0
001000010 1.0
001000100 1.0
001010001 1.0
101010000 1.0
111000101 1.0
111110010 1.0
110001101 1.0
110010111 1.0
111001100 1.0
011110011 1.0
001110011 1.0
001010001 1.0
000111011 1.0
110011111 1.0
001000010 1.0
001111010 1.0
110100001 1.0
010110111 1.0
111100101 1.0
001111011 1.0
100101010 1.0
011000001 1.0
111001101 1.0
011010100 1.0
100000100 1.0
100100001 1.0
111010000 1.0
000010010 1.0
110010000 1.0
111000001 1.0
000010000 1.0
100100100 1.0
011000100 1.0
110111010 1.0
100110011 1.0
110000101 1.0
100010000 1.0
101010001 1.0
010010100 1.0
000000011 1.0
100110011 1.0
010111110 1.0
100100011 1.0
111001100 1.0
100000010 1.0
001110010 1.0
011010101 1.0
111010100 1.0
111010000 1.0
110110100 1.0
111001101 1.0
001100011 1.0
000110010 1.0
001100010 1.0
011000001 1.0
001010010 1.0
101000000 1.0
100000100 1.0
110100101 1.0
001010000 1.0
110001101 1.0
001101010 1.0
100110011 1.0
011010000 1.0
000100000 1.0
001100011 1.0
110000000 1.0
100100001 1.0
100100011 1.0
001010010 1.0
100110010 1.0
111111100 1.0
110100101 1.0
100111111 1.0
111011100 1.0
111000100 1.0
100111010 1.0
000010010 1.0
000110100 1.0
000100011 1.0
100001110 1.0
011010110 1.0
111011100 1.0
001001010 1.0
111011010 1.0
110010101 1.0
110100101 1.0
101011001 1.0
110000001 1.0
100010100 1.0
000000100 1.0
011010000 1.0
100011100 1.0
110010101 1.0
100010001 1.0
100010010 1.0
001000000 1.0
000000100 1.0
110010100 1.0
011000001 1.0
111100100 1.0
001100101 1.0
011001100 1.0
100100100 1.0
110010100 1.0
100010000 1.0
000111110 1.0
010111011 1.0
100100100 1.0
110000100 1.0
110010101 1.0
001000100 1.0
000010001 1.0
100100011 1.0
110011110 1.0
000000100 1.0
110000010 1.0
110000100 1.0
100001011 1.0
111001010 1.0
101101000 1.0
000000001 1.0
100011010 1.0
110111010 1.0
110101101 1.0
101110010 1.0
110000100 1.0
100110101 1.0
010000100 1.0
100110011 1.0
