500
7
1101011 1.0
0101011 1.0
1110001 1.0
1111111 1.0
0101010 1.0
1000001 1.0
1111100 1.0
1000001 1.0
0001011 1.0
1011011 1.0
1111010 1.0
1010101 1.0
1110001 1.0
1110001 1.0
1011010 1.0
0101010 1.0
0101011 1.0
1001011 1.0
0111010 1.0
0101110 1.0
1100110 1.0
0101000 1.0
1000011 1.0
1000010 1.0
1010011 1.0
1110011 1.0
1000011 1.0
0101000 1.0
0001000 1.0
1010111 1.0
1000011 1.0
1110011 1.0
1111010 1.0
1110011 1.0
0101010 1.0
1110010 1.0
1001000 1.0
1101100 1.0
0111110 1.0
0111111 1.0
1011010 1.0
1101011 1.0
0000010 1.0
1110011 1.0
0010010 1.0
1011001 1.0
1010100 1.0
0101010 1.0
1011011 1.0
1110011 1.0
0001000 1.0
1100110 1.0
1111011 1.0
1111100 1.0
0101110 1.0
0101010 1.0
1101001 1.0
1111110 1.0
0001111 1.0
1000011 1.0
1000011 1.0
1100011 1.0
1000001 1.0
0101010 1.0
0001001 1.0
0001010 1.0
0001010 1.0
0000010 1.0
1010011 1.0
1011011 1.0
1100011 1.0
1010010 1.0
0101010 1.0
0001010 1.0
1110000 1.0
1110011 1.0
1100111 1.0
0001000 1.0
1001010 1.0
0111110 1.0
1001011 1.0
0101111 1.0
1010011 1.0
1000011 1.0
1100100 1.0
0101010 1.0
0001101 1.0
0101010 1.0
0001011 1.0
0101010 1.0
0111011 1.0
1000001 1.0
1100111 1.0
0001000 1.0
0011000 1.0
1110011 1.0
1101010 1.0
0111010 1.0
0000011 1.0
1000011 1.0
0111001 1.0
1101110 1.0
1110011 1.0
1010010 1.0
0000001 1.0
1010011 1.0
1110011 1.0
1010001 1.0
0101100 1.0
0001000 1.0
0010101 1.0
1010001 1.0
1110011 1.0
1101010 1.0
0001110 1.0
1111010 1.0
1101100 1.0
0101110 1.0
1100011 1.0
1000011 1.0
1111011 1.0
0001000 1.0
0001111 1.0
0101010 1.0
1110110 1.0
0111010 1.0
1000011 1.0
0001111 1.0
0000110 1.0
1001010 1.0
0111001 1.0
1111000 1.0
1011001 1.0
1100011 1.0
0000111 1.0
0001111 1.0
1000011 1.0
1000101 1.0
1011011 1.0
1101000 1.0
0001000 1.0
0111110 1.0
1110011 1.0
1110010 1.0
1110010 1.0
1100100 1.0
1011111 1.0
1111001 1.0
0110010 1.0
1010001 1.0
1110011 1.0
1100010 1.0
1100100 1.0
1100010 1.0
0111010 1.0
1110011 1.0
0101110 1.0
0101010 1.0
0101010 1.0
1010011 1.0
0001001 1.0
1110010 1.0
1010001 1.0
0001000 1.0
0101110 1.0
0011010 1.0
0101010 1.0
1001011 1.0
0100110 1.0
1101101 1.0
1101110 1.0
1010011 1.0
1010010 1.0
1011010 1.0
1001011 1.0
1100000 1.0
1001010 1.0
0001010 1.0
1010010 1.0
1110010 1.0
0001000 1.0
1110010 1.0
1000011 1.0
1001011 1.0
0001101 1.0
1010110 1.0
1101011 1.0
0110010 1.0
1000111 1.0
1110011 1.0
0001100 1.0
1000010 1.0
1111011 1.0
1100010 1.0
0000000 1.0
1110111 1.0
0101101 1.0
1110110 1.0
1110011 1.0
1010001 1.0
1101011 1.0
1110101 1.0
0001010 1.0
1110001 1.0
1000011 1.0
1010011 1.0
1000011 1.0
1111110 1.0
1010011 1.0
0001110 1.0
1111011 1.0
1001001 1.0
0101110 1.0
1000001 1.0
0111010 1.0
0001110 1.0
1110011 1.0
1000011 1.0
1110110 1.0
1111011 1.0
0111010 1.0
1000011 1.0
0100110 1.0
1001010 1.0
1010011 1.0
1011010 1.0
1111010 1.0
0001000 1.0
0000011 1.0
1010011 1.0
1011001 1.0
1001010 1.0
1101011 1.0
1000010 1.0
1010111 1.0
1000101 1.0
1101010 1.0
1001011 1.0
0100011 1.0
0010001 1.0
0101110 1.0
0011011 1.0
1111010 1.0
0101111 1.0
1001100 1.0
1010011 1.0
1111011 1.0
1101010 1.0
0101101 1.0
1001011 1.0
0100110 1.0
0111011 1.0
1110001 1.0
0001100 1.0
1100000 1.0
1011011 1.0
0000101 1.0
0101010 1.0
0111000 1.0
1010011 1.0
1000010 1.0
0111010 1.0
0000010 1.0
1010011 1.0
1000001 1.0
1110011 1.0
0111110 1.0
0101010 1.0
1010101 1.0
1010001 1.0
0101100 1.0
1110011 1.0
1011100 1.0
1111010 1.0
0101011 1.0
1000011 1.0
0111011 1.0
1010111 1.0
1000111 1.0
0001001 1.0
0001110 1.0
1010011 1.0
1010010 1.0
1011011 1.0
1010011 1.0
1110010 1.0
1010001 1.0
1010011 1.0
0101001 1.0
1111010 1.0
1000000 1.0
1110011 1.0
1001010 1.0
0001010 1.0
1000100 1.0
1000010 1.0
0000110 1.0
0000101 1.0
1110111 1.0
0100110 1.0
1001001 1.0
1000111 1.0
1000110 1.0
1111010 1.0
0001010 1.0
0101011 1.0
1011001 1.0
1011011 1.0
1110110 1.0
1111000 1.0
1111011 1.0
1100000 1.0
1011001 1.0
0101010 1.0
0101010 1.0
0001010 1.0
0101101 1.0
1000011 1.0
0001010 1.0
0101010 1.0
1010011 1.0
1111100 1.0
1111011 1.0
0111000 1.0
1000101 1.0
1101110 1.0
1111010 1.0
0111010 1.0
0000010 1.0
0000110 1.0
1000011 1.0
1001010 1.0
0001100 1.0
1010011 1.0
0111010 1.0
1001010 1.0
0001010 1.0
0001010 1.0
1110010 1.0
1010010 1.0
0101110 1.0
1000011 1.0
1010011 1.0
1011011 1.0
1110011 1.0
1001010 1.0
0001010 1.0
1000001 1.0
1001011 1.0
1110010 1.0
0111011 1.0
0001000 1.0
0011101 1.0
1000011 1.0
0101010 1.0
1110111 1.0
1001010 1.0
1111110 1.0
1000100 1.0
0100011 1.0
1010010 1.0
1000011 1.0
1010001 1.0
1110100 1.0
0101011 1.0
0011011 1.0
0001000 1.0
0001111 1.0
1001010 1.0
0101010 1.0
0001010 1.0
1000011 1.0
0111010 1.0
1000011 1.0
1001001 1.0
1001000 1.0
1010001 1.0
1010001 1.0
1001010 1.0
0111010 1.0
1011010 1.0
0001010 1.0
1000101 1.0
0101010 1.0
1110011 1.0
0000111 1.0
1011011 1.0
0000010 1.0
1110010 1.0
1011010 1.0
1001001 1.0
1011110 1.0
0101011 1.0
0101100 1.0
0111000 1.0
1110011 1.0
1011010 1.0
1111010 1.0
1000001 1.0
1000010 1.0
1011011 1.0
0111010 1.0
0000011 1.0
0101110 1.0
0101010 1.0
1001101 1.0
0101011 1.0
0001000 1.0
1010000 1.0
0001100 1.0
1111010 1.0
0001000 1.0
1011010 1.0
0001100 1.0
1011011 1.0
0101010 1.0
1000011 1.0
1010011 1.0
1101011 1.0
0001010 1.0
1000010 1.0
1010110 1.0
0001010 1.0
1011000 1.0
0010001 1.0
1010011 1.0
1100110 1.0
1111011 1.0
1001001 1.0
1110101 1.0
0001010 1.0
0000110 1.0
1101011 1.0
0001100 1.0
1010101 1.0
1100001 1.0
1000011 1.0
0000010 1.0
0101011 1.0
1101000 1.0
1101010 1.0
1010010 1.0
1100010 1.0
0111011 1.0
0100110 1.0
0111011 1.0
0001100 1.0
0101110 1.0
1110011 1.0
1000001 1.0
1010000 1.0
0110011 1.0
1000000 1.0
0000001 1.0
1101011 1.0
0101000 1.0
0001100 1.0
0111011 1.0
1111010 1.0
1010011 1.0
1010111 1.0
0101110 1.0
1101010 1.0
1111011 1.0
1010000 1.0
1110010 1.0
1110110 1.0
1011001 1.0
1110010 1.0
0001010 1.0
0101000 1.0
0001110 1.0
1001001 1.0
0101100 1.0
1110110 1.0
0101110 1.0
1110101 1.0
1000100 1.0
1010001 1.0
1110111 1.0
1111011 1.0
1010001 1.0
0001000 1.0
0101010 1.0
1010011 1.0
1000010 1.0
1001101 1.0
1001010 1.0
0101010 1.0
0000111 1.0
1000011 1.0
0001110 1.0
1111010 1.0
0111011 1.0
0011110 1.0
1011001 1.0
1000011 1.0
1001011 1.0
0101010 1.0
0001100 1.0
