942
16
0100000000000000 1.0
0110000001000000 1.0
0100000000000000 1.0
0100000010000100 1.0
0100000000000000 1.0
11000000000000X0 1.0
0100000000000000 1.0
0000000001000000 1.0
0100000000000000 1.0
0110000000000000 1.0
0100000000000000 1.0
0100000001000000 1.0
0100000000000000 1.0
0000000000000000 1.0
0100000000000000 1.0
0100000000000000 1.0
0000000000000000 1.0
0000000000000000 1.0
0000000000000001 1.0
0100000000000000 1.0
0100000001000000 1.0
0110000000000000 1.0
0100000000000000 1.0
00000000X0000000 1.0
0100000000010000 1.0
1100000000000000 1.0
0100000000000000 1.0
0100000000000000 1.0
0100000000000001 1.0
1100000000000111 1.0
0100000000000000 1.0
0000000000000001 1.0
0100000000000000 1.0
1110000000000000 1.0
0100000000000000 1.0
0100000000000000 1.0
0000000000000011 1.0
0000000000000000 1.0
0100000000000000 1.0
0000000000000000 1.0
0100000000000000 1.0
0100000000000001 1.0
0000000000000000 1.0
0100000000000000 1.0
0100000000000000 1.0
0000000000000000 1.0
0000000000000000 1.0
0100000000000001 1.0
0000000000000000 1.0
0100000000000011 1.0
0000000000000000 1.0
0100000000000000 1.0
0000000000000000 1.0
0100000000000001 1.0
0100000000000000 1.0
0000000000000000 1.0
0000000000000000 1.0
0100000000000000 1.0
0100000000000000 1.0
0000000000000000 1.0
0100000000000011 1.0
0100000000000000 1.0
0110000000000000 1.0
0100000000000001 1.0
0100000000000000 1.0
1100000000000011 1.0
1110000000000000 1.0
0100000000000000 1.0
0000000000000000 1.0
0100000000000111 1.0
0000000000000000 1.0
0100000000000000 1.0
0100000000000000 1.0
0100000000000000 1.0
1110000000000010 1.0
0100000000000000 1.0
0110000000000000 1.0
0000000000000000 1.0
1100000000000001 1.0
0100000000000001 1.0
0000000000000000 1.0
0100000000000000 1.0
0110000001000001 1.0
0110000000000000 1.0
0000000000000000 1.0
1110000000010000 1.0
0000000000000000 1.0
0100000000000111 1.0
1100000000000000 1.0
0100000000000000 1.0
1000000000000001 1.0
0100000000000000 1.0
0100000000000000 1.0
0000000000000001 1.0
0100000000000000 1.0
0100000000000001 1.0
1100000000000000 1.0
0110000000000000 1.0
0100000000000000 1.0
0000000000000000 1.0
00000000000000X0 1.0
0000000000000000 1.0
0100000000000000 1.0
0000000000000000 1.0
0000000000000000 1.0
1100000000000011 1.0
0100000000000000 1.0
1100000000000011 1.0
0100000000000000 1.0
0100000000000000 1.0
0110000000000000 1.0
0100000000000000 1.0
00000000010000X0 1.0
0100000000000000 1.0
0100000000000000 1.0
0100000000000000 1.0
0100000000000011 1.0
0110000000000111 1.0
0100000000000010 1.0
0000000000000000 1.0
0000000000000000 1.0
000000000X000000 1.0
0000000000000000 1.0
0000000000000000 1.0
0110000000000111 1.0
0100000000000001 1.0
0000000000000000 1.0
0110000000000001 1.0
0100000000000000 1.0
0000000000000000 1.0
1100000000000000 1.0
0100000000000000 1.0
0100000000000001 1.0
0000000000000000 1.0
0100000000000001 1.0
0000000001000000 1.0
0100000000000000 1.0
0100000000000001 1.0
1110000000000111 1.0
0100000000000000 1.0
0100000001000000 1.0
1100000000000000 1.0
0000000000000001 1.0
0110000000000001 1.0
1110000000010000 1.0
0100000000000000 1.0
1100000000000001 1.0
0100000000000010 1.0
0000000000000000 1.0
1100000000000000 1.0
0100000000000000 1.0
0X00000000000001 1.0
0000000000000001 1.0
0110000100000000 1.0
0100000000000001 1.0
0100000001000000 1.0
0100000000000000 1.0
1100000000000000 1.0
0000000000000000 1.0
1100000000000101 1.0
0100000000000000 1.0
0100000000000000 1.0
0101000000000000 1.0
1100000000000100 1.0
0100000000000000 1.0
0100000000000001 1.0
0000000000000000 1.0
1110000000000000 1.0
0000000000000000 1.0
0000000000000000 1.0
0100000000000011 1.0
1100000000000001 1.0
0110000000000000 1.0
0100000000000000 1.0
0100000000000000 1.0
0000000000000000 1.0
1110000000000001 1.0
0000000000000000 1.0
0100000000000000 1.0
0100000000000000 1.0
00000000000000X0 1.0
0000000000000010 1.0
0100000000000001 1.0
0100000000000000 1.0
1100000000000011 1.0
0100000000000000 1.0
0000000000000000 1.0
0100000000000000 1.0
0000000000000000 1.0
0100000000000000 1.0
0100000000000000 1.0
0100000000000XX1 1.0
0100000000000000 1.0
0100000000000000 1.0
0000000000000100 1.0
0100000000000000 1.0
0000000000000000 1.0
0000000000000000 1.0
0100000000000000 1.0
0100000000000011 1.0
1110000000000000 1.0
0000000000000000 1.0
0000000000000000 1.0
0100000000000000 1.0
0100000000000000 1.0
0000000000000000 1.0
0100000000000000 1.0
0000000000000000 1.0
0000000000000000 1.0
0000000000000000 1.0
0100000000000000 1.0
0110000000000000 1.0
0000000000000000 1.0
0100000000000101 1.0
0000000000000000 1.0
0100000000000101 1.0
0000000000000000 1.0
0000000000000000 1.0
0100000000000000 1.0
0100000000000000 1.0
0100000000000000 1.0
0100000000000000 1.0
0000000000000000 1.0
0000000000000000 1.0
0110000000000001 1.0
1100000000000000 1.0
0100000000000000 1.0
0000000000000000 1.0
0000000000000000 1.0
0000000000000000 1.0
0100000000000000 1.0
0000000000000000 1.0
1100000000000000 1.0
0000000000000000 1.0
0000000000000000 1.0
0100000000000000 1.0
0100000001000000 1.0
0100000000000000 1.0
1100000000000000 1.0
0000000000000000 1.0
0100000000000010 1.0
0000000001000000 1.0
0000000000000000 1.0
0100000000000000 1.0
0100000000000000 1.0
0100000000000000 1.0
0100000000000100 1.0
0100000000000000 1.0
0100000000000111 1.0
0100000000000100 1.0
0110000101010001 1.0
0100000000000000 1.0
0100000000000000 1.0
0000000000000000 1.0
0000000000000000 1.0
0100000000000000 1.0
0111000010010101 1.0
0100000000000000 1.0
0000000000000000 1.0
0100000000000001 1.0
1100000000000000 1.0
0000000000000000 1.0
1111000000000110 1.0
0100000000000000 1.0
0100000000000000 1.0
0100000000000111 1.0
0000000000000000 1.0
0100000000000000 1.0
0100000000000000 1.0
0100000000000000 1.0
1100000000000111 1.0
1000000000000000 1.0
0000000000000000 1.0
0000000000000000 1.0
0100000000000000 1.0
0100000000000000 1.0
0000000000000000 1.0
1100000000000000 1.0
1100000000000000 1.0
0100000000000000 1.0
0100000000000000 1.0
0000000000000000 1.0
0000000000000000 1.0
0100000000000000 1.0
0100000000000000 1.0
0110000000000001 1.0
0100000000000000 1.0
0000000000000000 1.0
0100000000001101 1.0
0100000000000000 1.0
0000000000000000 1.0
1100000000000000 1.0
0110000000000000 1.0
0100000000000000 1.0
0100000000000000 1.0
0000000000000000 1.0
0000000000000000 1.0
0100000000000000 1.0
0100000000000000 1.0
0100000000000000 1.0
0000000000000000 1.0
0100000000000000 1.0
0100000000000000 1.0
0100000000000000 1.0
1100000000000000 1.0
0110000000000000 1.0
0100000000000000 1.0
0000000000000000 1.0
0000000000000001 1.0
0100000000000000 1.0
0110000000000111 1.0
1110000000000011 1.0
0100000000000000 1.0
0110000001101111 1.0
0100000000000000 1.0
0100000000000000 1.0
0100000000000000 1.0
0000000000000000 1.0
0100000000000000 1.0
0100000000000000 1.0
1110000000000000 1.0
0000000000000000 1.0
0100000000000000 1.0
1111000001100000 1.0
0000000000000001 1.0
0100000000000000 1.0
1100000000000000 1.0
0000000000000000 1.0
0100000000000111 1.0
1100000000000001 1.0
0100000000000000 1.0
0100000000000000 1.0
0000000000000000 1.0
0000000000000000 1.0
0000000000000000 1.0
0100000000000000 1.0
0100000000000000 1.0
0100000001000000 1.0
0110000001000011 1.0
0000000000000000 1.0
0000000000000000 1.0
0100000000000000 1.0
0100000000000000 1.0
1100000000000000 1.0
0100000000000001 1.0
0100000000000000 1.0
0000000000000000 1.0
0100000000000000 1.0
0100000000000000 1.0
0100000000000000 1.0
0100000000000111 1.0
1110000000000011 1.0
1100000000000001 1.0
0110000000000000 1.0
0100000000000000 1.0
0100000000000000 1.0
0100000000000000 1.0
0000000000000000 1.0
0100000000000000 1.0
0000000000000000 1.0
0100000000000000 1.0
0100000000000111 1.0
1100000000000001 1.0
0100000000000000 1.0
0000000000000000 1.0
0110000000000000 1.0
0100000000000000 1.0
0000000000000010 1.0
0100000000000000 1.0
0100000000000000 1.0
0000000000000000 1.0
1100000000000100 1.0
1100000000000000 1.0
0100000000000000 1.0
0000000000000000 1.0
0100000000000000 1.0
1100000000000000 1.0
0100000001001001 1.0
0000000000000000 1.0
0100000010000000 1.0
0000000000000000 1.0
0000000000000000 1.0
0100000000000000 1.0
0100000000000000 1.0
0100000000000001 1.0
0100000000010000 1.0
1110000000000000 1.0
0100000001100011 1.0
0100000000000000 1.0
0100000000000000 1.0
1110000000000000 1.0
0100000000000001 1.0
0000000000000001 1.0
0100000000000000 1.0
0100000000000000 1.0
0000000000000000 1.0
0100000000000000 1.0
0100000000000001 1.0
0100000000000000 1.0
0000000000000000 1.0
0100000000000000 1.0
0000000000000000 1.0
0000000000000000 1.0
1110000000000000 1.0
1100000000000001 1.0
0100000001000111 1.0
0000000000000000 1.0
0100000001000000 1.0
1110000000000000 1.0
1100000000000000 1.0
0100000000000000 1.0
0100000000000000 1.0
1100000001000000 1.0
0100000000000000 1.0
0000000000000000 1.0
0100000000000000 1.0
1100000000000000 1.0
1100000000000000 1.0
0000000000000000 1.0
0100000000000000 1.0
0100000000000000 1.0
1110000000000001 1.0
1100000000000000 1.0
1110000000010000 1.0
1110000000000000 1.0
0000000000000000 1.0
0100000000000100 1.0
0000000000000000 1.0
0110000000000011 1.0
0000000000000XX0 1.0
0100000000000000 1.0
1100000000000000 1.0
0100000000000000 1.0
1111000001100000 1.0
0000000000000000 1.0
0100000000000000 1.0
0000000000000000 1.0
0100000000000000 1.0
0100000000000000 1.0
1100000000000011 1.0
0100000000000000 1.0
0000000000000000 1.0
0100000000000000 1.0
0100000000000000 1.0
0110000101100100 1.0
0100000000000000 1.0
0100000000000010 1.0
1100000000000111 1.0
1100000000000000 1.0
1100000000000000 1.0
000000000000XXX0 1.0
0000000000000000 1.0
0100000000000000 1.0
0000000000000000 1.0
0100000000000000 1.0
0100000000000000 1.0
0100000000000000 1.0
1110000000000000 1.0
0100000000000000 1.0
0000000000000000 1.0
0100000000000000 1.0
0100000000000000 1.0
0000000000000100 1.0
1110000000000100 1.0
01110101010100X0 1.0
0110000000000000 1.0
0100000000000000 1.0
0000000000000000 1.0
0000000000000000 1.0
1111000001100111 1.0
0000000000000000 1.0
1110000000000011 1.0
0000000000000001 1.0
0100000000000000 1.0
0100000000000000 1.0
0000000000000000 1.0
0000000000000000 1.0
0100000001000000 1.0
0100000000000000 1.0
0100000000000000 1.0
0000000000000111 1.0
0111000101000001 1.0
1110000001000010 1.0
1100000000000000 1.0
0000000000000000 1.0
0000000000000000 1.0
0100000000000000 1.0
0100000000000000 1.0
0100000000000000 1.0
0110000000010000 1.0
0000000000000000 1.0
0100000000000000 1.0
0100000000000000 1.0
0010000000000000 1.0
1100000000000000 1.0
0100000000000000 1.0
1100000000000001 1.0
0100000000000000 1.0
0000000000000000 1.0
0000000000000000 1.0
0100000000000000 1.0
0100000000000000 1.0
0110000000100000 1.0
0000000000000000 1.0
0100000000000000 1.0
0000000000000111 1.0
0000000000000000 1.0
0000000000000000 1.0
0100000000000000 1.0
1100000000000001 1.0
0100000000000000 1.0
0100000000000000 1.0
0100000001000000 1.0
0100000000000000 1.0
0000000000000000 1.0
0000000000000000 1.0
0100000000000001 1.0
0100000000000100 1.0
0100000000000000 1.0
0000000000000000 1.0
0111010100000000 1.0
0000000000000000 1.0
0100000000000000 1.0
0100000000000000 1.0
1100000000000000 1.0
0100000000000000 1.0
1100000001000000 1.0
0100000000000111 1.0
0100000100000000 1.0
0000000000000001 1.0
0000000000000000 1.0
0000000000000000 1.0
0100000000000000 1.0
0100000000000111 1.0
0000000000000000 1.0
0000000000000000 1.0
0100000000000001 1.0
0000000000000000 1.0
0100000000000000 1.0
0000000000000000 1.0
0000000000000000 1.0
0100000000000111 1.0
0100000000000000 1.0
0100000000000000 1.0
0100000000000000 1.0
0100000000000000 1.0
0100000000000000 1.0
0000000000000000 1.0
0100000000000000 1.0
1100000000000001 1.0
1110000000000000 1.0
0100000000000000 1.0
0000000000000000 1.0
0100000000000000 1.0
0100000000000000 1.0
0000000000000000 1.0
0100000000000101 1.0
1100000000000000 1.0
0100000000000000 1.0
0000000000100111 1.0
1110000000000000 1.0
0000000001000000 1.0
0100000000000010 1.0
0100000000000001 1.0
0100000000000000 1.0
1100000000000000 1.0
0000000000000000 1.0
0000000000000000 1.0
0000000000000000 1.0
0100000000000000 1.0
0000000000000000 1.0
0100000000000000 1.0
1110000100000001 1.0
0100000000000000 1.0
0100000000000000 1.0
0100000000000000 1.0
0000000000000000 1.0
0100000000000000 1.0
0100000000000000 1.0
0100000000000011 1.0
0100000000000000 1.0
0000000000000000 1.0
0100000000000000 1.0
1100000000000000 1.0
0100000000000000 1.0
0100000000000000 1.0
0000000000000000 1.0
0000000000000000 1.0
0000000000000000 1.0
1110010000000000 1.0
0000000000000000 1.0
0000000000000001 1.0
0100000000000000 1.0
0000000000000000 1.0
0000000000000000 1.0
0100000000000000 1.0
0100000000000011 1.0
0100000001100001 1.0
0000000000000000 1.0
1100000000000X00 1.0
0100000000000000 1.0
0000000000000000 1.0
0000000000000000 1.0
1100000000000000 1.0
0100000001000000 1.0
0100000000000000 1.0
0100000000000000 1.0
00000000000X0000 1.0
0000000000000000 1.0
0100000000000000 1.0
0000000000000000 1.0
0100000000000000 1.0
1100000000000000 1.0
0000000000000000 1.0
0110000000000000 1.0
0100000000000000 1.0
0100000000000000 1.0
0110000000000000 1.0
0000000000000000 1.0
0100000000000101 1.0
1100000000000001 1.0
1110000000000011 1.0
0000000000000000 1.0
0100000000000000 1.0
0100000000000000 1.0
0100000000000000 1.0
0000000000000000 1.0
0111000000000001 1.0
0100000000000000 1.0
0110000000000000 1.0
1100000000000111 1.0
0100000000000000 1.0
0100000000000000 1.0
1100000000000000 1.0
0000000000000000 1.0
0100000000000000 1.0
0100000000000000 1.0
0100000000000000 1.0
0100000000000000 1.0
0100000000000000 1.0
0100000000000000 1.0
0000000000000000 1.0
0110000000000001 1.0
0100000000000000 1.0
0100000000000000 1.0
0100000001000000 1.0
0110000000000000 1.0
0000000000000000 1.0
0100000000000000 1.0
0000000000000000 1.0
1100000000000000 1.0
0000000000000001 1.0
0000000000000000 1.0
0100000000000000 1.0
0100000000000000 1.0
0100000000000000 1.0
1100000000000001 1.0
0100000000000000 1.0
0100000000000000 1.0
0000000000000000 1.0
0000000000000001 1.0
0100000000000000 1.0
0100000000000000 1.0
1100000000000000 1.0
1100000000000000 1.0
0100000000000000 1.0
0100000000000000 1.0
0100000000000000 1.0
0000000000000000 1.0
0100000000000000 1.0
0000000000000000 1.0
0100000000000000 1.0
1110000000000000 1.0
0110000000000000 1.0
1100000000000001 1.0
0100000000000000 1.0
0100000000000000 1.0
1110000000000000 1.0
0100000000000000 1.0
0110000000010000 1.0
0100000000000000 1.0
0100000000000000 1.0
0000000000000000 1.0
0000000000000000 1.0
0100000000000000 1.0
0100000000000000 1.0
0100000000000000 1.0
0000000000000000 1.0
11000000000000X1 1.0
0100000001000101 1.0
1100000000000000 1.0
0100000000000001 1.0
0100000000000000 1.0
0000000000000011 1.0
0000000000000000 1.0
0100000000000000 1.0
0110000000000000 1.0
0101000100000000 1.0
0100000001000010 1.0
0100000001001000 1.0
0100000000000001 1.0
0000000000000000 1.0
0100000000000011 1.0
0100000000000001 1.0
0000000000000000 1.0
0100000000000000 1.0
0100000000000000 1.0
0110000000000000 1.0
0000000000000010 1.0
1110000001000110 1.0
1100000001010000 1.0
1110000001000000 1.0
0111000110010101 1.0
0100000000000001 1.0
0000000000000000 1.0
0100000000000000 1.0
1110000001110111 1.0
0110000000000000 1.0
0100000000000000 1.0
0100000000000000 1.0
0000000000000000 1.0
0100000000000000 1.0
0100000000000000 1.0
0100000000000000 1.0
0100000000000001 1.0
0100000000000000 1.0
0100000000000000 1.0
0100000000000000 1.0
0110000000000101 1.0
1110000000000001 1.0
0100000000000000 1.0
0100000000000000 1.0
0110000000000000 1.0
0100000000000000 1.0
0000000000000000 1.0
0000000000000001 1.0
0000000000000100 1.0
0000000000000000 1.0
0000000000000011 1.0
0100000000000000 1.0
0100000000000000 1.0
0000000000000000 1.0
0100000000000000 1.0
0000000000000000 1.0
0100000000000000 1.0
1100000000000000 1.0
0100000000000000 1.0
0100000000000000 1.0
0000000000000000 1.0
0110000000000011 1.0
0100000000000010 1.0
0000000000000000 1.0
0100000000000000 1.0
0000000000000000 1.0
0000000000000000 1.0
0000000000000000 1.0
1100000000000000 1.0
0100000000000000 1.0
0100000000000000 1.0
0000000000000000 1.0
0100000000000000 1.0
0100000000000000 1.0
0100000000000000 1.0
0100000000000000 1.0
0000000000000000 1.0
0100000001000000 1.0
0100000001000000 1.0
1111000000000000 1.0
0100000000000000 1.0
0000000000000000 1.0
0100000000000100 1.0
0100000000000000 1.0
0100000000000000 1.0
00000000000000X0 1.0
0100000000000000 1.0
0100000000000000 1.0
0000000000000000 1.0
0100000000000011 1.0
0100000000000000 1.0
0100000000000000 1.0
0000000000000000 1.0
0100000000000000 1.0
0100000000000011 1.0
0100000000000000 1.0
0000000000000000 1.0
0000000000000000 1.0
0111000100010000 1.0
1110000000000101 1.0
0000000000000000 1.0
0100000000000000 1.0
0100000000000000 1.0
1100000000000001 1.0
1110000010000111 1.0
0100000000000000 1.0
0100000000000000 1.0
0100000000000000 1.0
0000000000000000 1.0
0000000000000000 1.0
0100000000000000 1.0
1100000000000000 1.0
0000000000000000 1.0
0100000000000000 1.0
0100000000000000 1.0
0100000000000000 1.0
0100000000000000 1.0
0100000000000000 1.0
0000000000000000 1.0
0100000000000000 1.0
0100000000000000 1.0
0100000000000000 1.0
0100000000000000 1.0
0100000000000000 1.0
0100000000000111 1.0
000000000000X000 1.0
0000000000000000 1.0
0100000000000000 1.0
1100000000000000 1.0
0100000000000000 1.0
0100000001000000 1.0
0000000000000000 1.0
0100000000000000 1.0
0000000000000000 1.0
1100000000000000 1.0
0000000000000000 1.0
0000000000000000 1.0
0000000000000000 1.0
0000000000000000 1.0
0100000000000110 1.0
0100000000000001 1.0
1100000000000111 1.0
0100000000000010 1.0
0100000000000000 1.0
0100000000000000 1.0
0110000000000000 1.0
0100000000000000 1.0
0000000000000000 1.0
0100000000000000 1.0
0000000000000001 1.0
0100000000000000 1.0
1100000001000001 1.0
0100000000000000 1.0
0000000000000000 1.0
0100000000000000 1.0
0100000000000000 1.0
0100000000000000 1.0
1100000000000000 1.0
0000000000000000 1.0
1100000000000011 1.0
0100000000000000 1.0
0000000000000000 1.0
0100000000000000 1.0
1100000000000000 1.0
0100000000000000 1.0
0100000000000011 1.0
0100000000000000 1.0
1100000000000000 1.0
0000000000000000 1.0
0100000000000000 1.0
0000000000000000 1.0
0100000000000000 1.0
0100000000000000 1.0
0100000000000000 1.0
0110000000000111 1.0
0100000000000001 1.0
0100000001000000 1.0
0000000000000000 1.0
0100000000000000 1.0
0100000000000000 1.0
0100000000000000 1.0
0000000000000000 1.0
0000000000000000 1.0
0100000000000000 1.0
0100000000000000 1.0
0000000000000000 1.0
0000000000000001 1.0
0100000000000000 1.0
0000000000000000 1.0
0110000000000000 1.0
0000000011000000 1.0
0100000000000001 1.0
0100000000000000 1.0
0100000000000000 1.0
1110000000000000 1.0
0100000000000000 1.0
0000000000000000 1.0
0100000000000011 1.0
0100000000000000 1.0
0100000001000000 1.0
1110000000000011 1.0
0000000000000000 1.0
0000000000000001 1.0
0110000000000000 1.0
0100000000000001 1.0
0100000000000000 1.0
0110000000000000 1.0
0100000000000001 1.0
0000000000000000 1.0
0000000000000000 1.0
0100000000000011 1.0
0100000000100001 1.0
0000000000000000 1.0
0110000101001101 1.0
0000000000000000 1.0
0100000000000000 1.0
0000000000000000 1.0
0000000000000000 1.0
0000000000000000 1.0
0100000000000001 1.0
0000000000000000 1.0
0100000000000000 1.0
0000000000000000 1.0
0000000000000000 1.0
0100000000000000 1.0
0000000000000000 1.0
0000000000000100 1.0
0000000000000000 1.0
00000000X0000000 1.0
0100000000000100 1.0
0110000000000000 1.0
0100000000000111 1.0
1110000000000000 1.0
0100000000000000 1.0
1100000000000000 1.0
0000000000000000 1.0
0100000000000000 1.0
1100000000000000 1.0
0000000000000000 1.0
0100000000000000 1.0
0100000000000000 1.0
0100000000000000 1.0
0100000000000000 1.0
0000000000000000 1.0
0000000000000000 1.0
0110000000000111 1.0
1110000000010101 1.0
0000000000000000 1.0
0100000000000000 1.0
0000000000000000 1.0
0100000000000000 1.0
0100000000000000 1.0
0100000000000000 1.0
0100000000000000 1.0
