940
16
0000000000000001 1.0
1010000000000011 1.0
1100000000000010 1.0
0100000000000000 1.0
1100000000100011 1.0
1110000000000000 1.0
0100000000000000 1.0
1100000000000101 1.0
0000000000000000 1.0
1100000000000000 1.0
1110000000000001 1.0
0100000000000111 1.0
0000000000000000 1.0
1100000001000000 1.0
1010000001000001 1.0
1100000000000000 1.0
1100000000000000 1.0
1100000000000000 1.0
1100000000000000 1.0
0100000000000000 1.0
1100000000000000 1.0
0100000000000000 1.0
0100000000000000 1.0
0000000000000000 1.0
0100000000000000 1.0
0000000000000001 1.0
0100000000000000 1.0
0100000000000000 1.0
0000000000000010 1.0
1110000000000000 1.0
0000000000000000 1.0
1110000000000000 1.0
1100000000000000 1.0
0000000000000000 1.0
0100000000000000 1.0
0000000000000000 1.0
1100000000000001 1.0
0100000000000000 1.0
0100000000000000 1.0
1100000000000001 1.0
0100000000000000 1.0
1100000001100001 1.0
0110000000000000 1.0
1110000000000001 1.0
1100000000000000 1.0
0100000000000000 1.0
0100000000000000 1.0
0100000000000000 1.0
0100000000000000 1.0
1100000001000000 1.0
1110000000000000 1.0
0100000000000000 1.0
1100000000000000 1.0
1110010001000111 1.0
0100000000000000 1.0
1110000000000011 1.0
1110000001000110 1.0
1101000000000000 1.0
1100000000000000 1.0
1100000000000000 1.0
1100000000000000 1.0
1100000000000000 1.0
0000000000000000 1.0
1110000000000011 1.0
0100000000000000 1.0
0100000000000000 1.0
0000000000000000 1.0
1100000000000010 1.0
0100000000000000 1.0
0110000000000000 1.0
0100000000000001 1.0
0100000000000000 1.0
0000000000000000 1.0
110010000001XXX0 1.0
1110000000000000 1.0
1000000000000000 1.0
1100000000000000 1.0
1100000000100000 1.0
1110000000000000 1.0
0100000000000000 1.0
1100000000000010 1.0
1100000000000011 1.0
0110000100111011 1.0
0000000000000000 1.0
0100000000000000 1.0
0100000000000000 1.0
0100000000000000 1.0
1100000000000000 1.0
1100000001000000 1.0
0100000000000000 1.0
0100000000000000 1.0
1000000000000000 1.0
0110000000000100 1.0
1110000000000000 1.0
1100000000000000 1.0
1100000000100001 1.0
0000000000000000 1.0
0100000000000000 1.0
1100000000000000 1.0
0000000000000001 1.0
0000000000000000 1.0
1000000000000000 1.0
0100000000000000 1.0
0100000000000011 1.0
1100000000000000 1.0
0100000000000000 1.0
1110000000000001 1.0
1100000001000000 1.0
0000000000000000 1.0
1100000000000000 1.0
0100000000000010 1.0
0000000000000000 1.0
0000000000000000 1.0
0100000000000101 1.0
0110000000000001 1.0
1100000000000000 1.0
1100000000000010 1.0
0100000000000000 1.0
1100000000000011 1.0
0100000000000000 1.0
0100000000000000 1.0
0100000000000000 1.0
0100000000000000 1.0
1110000000000000 1.0
0100000000000000 1.0
1100000000000000 1.0
1000000000000000 1.0
1110000001000000 1.0
0000000000000000 1.0
0000000000000000 1.0
1100000000000000 1.0
0100000000000000 1.0
0100000001000000 1.0
0100000000000000 1.0
1100000000000101 1.0
0100000001000000 1.0
0000000000000000 1.0
1110000000000000 1.0
1100000000000000 1.0
0000000000000000 1.0
1100000000000000 1.0
0100000000000000 1.0
0100000000000000 1.0
0100000000000000 1.0
1000000000000000 1.0
1110000000000001 1.0
0000000000000000 1.0
1100000000000000 1.0
0000000000000000 1.0
0100000000000011 1.0
1100000000000000 1.0
0100000000000000 1.0
0100000000000000 1.0
0000000000000001 1.0
1110000000000000 1.0
0000000000000000 1.0
1000000000000000 1.0
0000000000000000 1.0
0100000000000000 1.0
0110000000000000 1.0
1111100001110011 1.0
0100000000000000 1.0
0100000000000000 1.0
0100000001000000 1.0
0000000000000000 1.0
0100000000000000 1.0
1100000000000000 1.0
0110000000000000 1.0
0100000000000000 1.0
0100000000000000 1.0
0000000000000000 1.0
0000000000000000 1.0
1100000000000000 1.0
0100000000000000 1.0
0100000000000000 1.0
0100000000000000 1.0
0100000000000000 1.0
1100000000000000 1.0
1100000000000000 1.0
1100000000000000 1.0
0000000000000000 1.0
0000000000000000 1.0
1100000000000110 1.0
0100000000000000 1.0
1110000000000111 1.0
1110000000000001 1.0
1100000001000000 1.0
0100000000000011 1.0
1100000000000000 1.0
0100000000000111 1.0
1100000000000000 1.0
0000000000000000 1.0
0100000000000000 1.0
0000000000000000 1.0
1100000000000000 1.0
0000000000000000 1.0
0100000000000000 1.0
1101100001000010 1.0
1100000000000000 1.0
0110000000000000 1.0
0100000000000001 1.0
0100000000000000 1.0
0100000000000001 1.0
0100000000000000 1.0
1000000000000011 1.0
1100000000000001 1.0
0110000001100000 1.0
1100000000000000 1.0
0100000000000000 1.0
0100000000000000 1.0
0100000000000111 1.0
1110000000000011 1.0
0100000000000000 1.0
1000000000000011 1.0
0100000000000000 1.0
0100000000000000 1.0
0100000001100001 1.0
1100000000000000 1.0
1110000000000001 1.0
1100000000000000 1.0
1110000000000011 1.0
0100000000000000 1.0
1100000000000000 1.0
0000000000000000 1.0
0100000000000000 1.0
0000000000000000 1.0
0100000000000000 1.0
0100000000000000 1.0
0000000000000000 1.0
0000000000000000 1.0
1100000000000000 1.0
1100000000000000 1.0
1100000000000000 1.0
0100000000000000 1.0
0100000000000000 1.0
0100000000000000 1.0
0000000000000001 1.0
0100000000000000 1.0
1110000000000000 1.0
0100000000000000 1.0
0100000000000000 1.0
0110000000000000 1.0
0000000000000000 1.0
1100000000000000 1.0
1100000001000000 1.0
0100000000000000 1.0
0100000000000000 1.0
0100000000000000 1.0
0000000000000000 1.0
1110000000000000 1.0
0000000000000001 1.0
0000000001000000 1.0
1100000000000000 1.0
0100000000000001 1.0
1100000000000000 1.0
1110000000000011 1.0
0000000000000000 1.0
1100000000000000 1.0
1000000000000000 1.0
0000000000000000 1.0
0100000010000000 1.0
1100000000000000 1.0
0110000001000111 1.0
0100000000000000 1.0
1100000000000000 1.0
0100000000000000 1.0
0100000000000000 1.0
1100000000000000 1.0
0000000000000000 1.0
0000000000000010 1.0
0110000000000101 1.0
0100000000000000 1.0
0100000000000000 1.0
1100000000000001 1.0
1100100000000XX1 1.0
0100000000000000 1.0
0010000000000000 1.0
1100000000000000 1.0
0100000000000000 1.0
0000000000000000 1.0
0000000000000000 1.0
1100000000000001 1.0
0100000000000000 1.0
0100000000000000 1.0
1100000000000000 1.0
0100000000000000 1.0
0100000000000000 1.0
0000000000000000 1.0
0100000000000000 1.0
1100000000000000 1.0
0100000000000000 1.0
0100000001000000 1.0
0100000000000000 1.0
0100000000000000 1.0
0100000000000000 1.0
1100000000000001 1.0
0100000000000000 1.0
0100000000000000 1.0
0100000000000111 1.0
1100000000000000 1.0
0100000000000000 1.0
0000000000000000 1.0
0100000000000000 1.0
0100000000000000 1.0
1100000000000011 1.0
0000000000000000 1.0
0000000000000011 1.0
0100000000000000 1.0
1100000000000000 1.0
0000000000000000 1.0
1100000000000000 1.0
1100000000000000 1.0
0000000000000000 1.0
1100000000000000 1.0
1110000000000111 1.0
1000000000000000 1.0
1000000000000000 1.0
1100000000000000 1.0
1100000000000000 1.0
0000000000000000 1.0
1100000000000000 1.0
1100000000000000 1.0
0110000001000011 1.0
0000000000000XXX 1.0
0100000000000000 1.0
0100000000000000 1.0
0100000000000000 1.0
0100000000000000 1.0
0100000000000000 1.0
0100000000000000 1.0
0000000000000000 1.0
1100000000000011 1.0
1100000000000011 1.0
0000000000000000 1.0
1100000000000011 1.0
1000000000000000 1.0
0100000000000001 1.0
0110000000000000 1.0
1100000000000000 1.0
1100000001000000 1.0
1100000000000000 1.0
0000000000000000 1.0
1000000000000000 1.0
1100000000000000 1.0
0000000000000000 1.0
1100000000000001 1.0
0100000000000000 1.0
0110000000000000 1.0
0000000000000000 1.0
0000000000000000 1.0
0000000000000000 1.0
0100000000000000 1.0
0100000000000000 1.0
0100000000000000 1.0
0100000000000000 1.0
1100000000000000 1.0
0000000000000000 1.0
0000000000000001 1.0
1000000000000000 1.0
1100000000000000 1.0
1100000000000000 1.0
0100000000000000 1.0
0100000000000000 1.0
0100000000000000 1.0
0100000000000001 1.0
1110100000010000 1.0
0000000000000000 1.0
0000000000000000 1.0
0000000000000000 1.0
0100000000000000 1.0
1100000000000000 1.0
1100000000000000 1.0
0100000000000000 1.0
1100000000000000 1.0
0110000000000000 1.0
1100000000000001 1.0
0000000000000000 1.0
0100000000000000 1.0
0000000000000111 1.0
1100000000000000 1.0
0100000000000000 1.0
0100000000000000 1.0
0000000000000000 1.0
1110000000000000 1.0
0100000000000000 1.0
0100000000000000 1.0
1100000000000001 1.0
0110000000000001 1.0
0010000000000000 1.0
1100000000000000 1.0
0100000000000000 1.0
0110000000000101 1.0
0000000000000000 1.0
1100000000000000 1.0
0000000000000000 1.0
1100000000000000 1.0
0000000000000000 1.0
1100000000000000 1.0
1000000000000000 1.0
0100000000000000 1.0
1000000000000000 1.0
0100000000000000 1.0
1000000000000000 1.0
0000000000000000 1.0
1110000001000011 1.0
0100000000000000 1.0
1100000000000001 1.0
0100000000000000 1.0
0100000001000001 1.0
0000000000000000 1.0
1100000000000000 1.0
0110000000000111 1.0
1100000000000000 1.0
1100000000000111 1.0
0100000000000000 1.0
0100000000000000 1.0
1100000000000011 1.0
1100000000000000 1.0
1100000000000000 1.0
0100000000000000 1.0
0100000000000000 1.0
0100000000000000 1.0
0100000000000000 1.0
0100000000000000 1.0
0100000000000000 1.0
1100000000000000 1.0
0000000000000000 1.0
0000000000000000 1.0
0000000000000000 1.0
1100000000000000 1.0
0100000000000000 1.0
1000000000000000 1.0
0100000000000000 1.0
0100000000000000 1.0
0000000000000000 1.0
1100000000000000 1.0
0000000000000000 1.0
0000000000000000 1.0
0000000000000000 1.0
0000000000000000 1.0
0100000000000010 1.0
1100000000000001 1.0
1100000000000110 1.0
0100000000000000 1.0
1100000000000000 1.0
0100000000000000 1.0
0100000000000000 1.0
0100000000000000 1.0
1100000000000011 1.0
0100000000000000 1.0
0100000000000111 1.0
0100000001100000 1.0
0110000000000000 1.0
1100000000000001 1.0
0000000000000000 1.0
0100000000000000 1.0
1100000000000001 1.0
1110000000000000 1.0
1110000001000001 1.0
1110000000000000 1.0
1100000000000000 1.0
0100000000000000 1.0
1100000000000010 1.0
1100000000000000 1.0
0000000000000000 1.0
0100000000000000 1.0
1000000001100111 1.0
0100000000000000 1.0
0100000000000111 1.0
0000000000000000 1.0
0000000000100000 1.0
1100000000000000 1.0
1100000000000000 1.0
1100000000000000 1.0
0100000000000000 1.0
0000000000000000 1.0
0100000000000000 1.0
0100000000000001 1.0
1110000000000001 1.0
1100000000000000 1.0
1100000000000000 1.0
1000000001000000 1.0
0000000000000000 1.0
1100000001100000 1.0
1100000000000000 1.0
0100000000000000 1.0
0100000000000000 1.0
0100000000000000 1.0
0100000000000000 1.0
1100000000000000 1.0
1100000000000000 1.0
1100000000000010 1.0
0100000000000000 1.0
1100000000000000 1.0
1100000001000000 1.0
1100000000000000 1.0
0100000000000000 1.0
0100000000000000 1.0
0100000000000000 1.0
1100000000000001 1.0
1110000000000000 1.0
1000000000000000 1.0
0100000001010001 1.0
0110000000000001 1.0
1110000001000000 1.0
1100000000000000 1.0
1110000000000000 1.0
1100000000000XX0 1.0
0100000000000000 1.0
1110000000000000 1.0
1100000000000000 1.0
0000000000000001 1.0
1100000000000000 1.0
0000000000000000 1.0
0100000000000001 1.0
0100000000000000 1.0
0000000000000111 1.0
0100000000000000 1.0
0000000000000000 1.0
0100000001000000 1.0
1100000000000000 1.0
0100000000000000 1.0
1111000001000000 1.0
0100000000000000 1.0
0000000000000000 1.0
0000000000000011 1.0
1100000001000001 1.0
1110000000000000 1.0
0100000000000000 1.0
0000000000000000 1.0
0100000000000000 1.0
1100000000000000 1.0
0000000000000000 1.0
0100000000000000 1.0
1000000000000000 1.0
0110000000000001 1.0
1100000000000000 1.0
0000000000000000 1.0
0100000000000000 1.0
1100000000000000 1.0
0110010000000000 1.0
0100000000000000 1.0
1100000000000000 1.0
1111000001000000 1.0
0100000000000000 1.0
0100000000000001 1.0
1100000000000000 1.0
0100000000000000 1.0
0100000000000000 1.0
0100000000000000 1.0
1100000000000000 1.0
0100000000000000 1.0
1100000000000000 1.0
1100000000000000 1.0
0000000000000000 1.0
0100000000000000 1.0
0100000000000010 1.0
0100000000000000 1.0
1110000000000001 1.0
1000000000000000 1.0
0000000000000000 1.0
0000000000000000 1.0
0100000000000000 1.0
0100000000000000 1.0
0100000000000001 1.0
1110000000000000 1.0
1100000000000000 1.0
1000000000000000 1.0
1100000000000011 1.0
1100000000000000 1.0
0000000000000000 1.0
1100000000000000 1.0
0100000000000000 1.0
1100000000000000 1.0
0000000000000000 1.0
0000000000000000 1.0
0100000000000000 1.0
0000000000000000 1.0
0100000000000000 1.0
0100000000000000 1.0
1100000000000011 1.0
0000000000000000 1.0
0100000000000000 1.0
0100000000000000 1.0
1100000000000001 1.0
0100000000000000 1.0
0100000000000000 1.0
1110000000000001 1.0
1100000000000000 1.0
1000000000000000 1.0
0100000000000000 1.0
0000000000000000 1.0
0100000000000000 1.0
0000000000000000 1.0
0000000000000000 1.0
1100000001000000 1.0
0100000000000000 1.0
1110000000110000 1.0
0100000000000000 1.0
0100000000000000 1.0
1100000000000000 1.0
1110000000000000 1.0
1100000000000001 1.0
0000000000000000 1.0
1110000000010000 1.0
0100000000000000 1.0
11X0000000000000 1.0
0000000000000000 1.0
1100000000000000 1.0
1100000000000000 1.0
1100000000000011 1.0
0100000000000000 1.0
0100000000000000 1.0
1000000000000000 1.0
00000000000000X1 1.0
0000000000000001 1.0
0000000000000000 1.0
1100000000000000 1.0
1100000000000000 1.0
1100000000000000 1.0
0000000000000000 1.0
0100000001000000 1.0
0100000000000000 1.0
0100000000000000 1.0
1100000000000001 1.0
0100000000000000 1.0
0000000000000000 1.0
0100000000000000 1.0
1100000000000000 1.0
0100000000000000 1.0
1110000000000000 1.0
1100000000000000 1.0
1000000000000001 1.0
1100000001100000 1.0
1100000000000000 1.0
1100000000000101 1.0
1100000000000001 1.0
0100000000000000 1.0
1100000000000010 1.0
1100000000000000 1.0
0100000000000000 1.0
1100000000000111 1.0
0110000000000000 1.0
0000000000000000 1.0
0100000000000000 1.0
1100000000000001 1.0
0100000000000000 1.0
1100000000000000 1.0
0000000000000000 1.0
1000000000000000 1.0
0000000000000000 1.0
1100000000000000 1.0
0100000000000000 1.0
1110000000000000 1.0
1100000000000000 1.0
01000000000000X0 1.0
0100000000000000 1.0
0000000000000000 1.0
0000000000000000 1.0
0100000000000000 1.0
0100000000000001 1.0
0100000000000011 1.0
0100000000000000 1.0
0000000000000001 1.0
0100000000000000 1.0
1100000000000000 1.0
1100000001000000 1.0
0100000000100000 1.0
1100000000000000 1.0
0000000000000000 1.0
1100000000000000 1.0
0000000000000000 1.0
0100000000000000 1.0
0100000000000000 1.0
0000000000000000 1.0
1110000000000000 1.0
1100000000000000 1.0
1100000000000000 1.0
0100000000000000 1.0
0100000000000000 1.0
0000000000000000 1.0
1100000000000000 1.0
0100000000000000 1.0
1110000000000000 1.0
0100000000000000 1.0
0000000000000000 1.0
0100000000000111 1.0
1100000000000001 1.0
0100000000000000 1.0
0000000000000111 1.0
0100000000000000 1.0
0000000000000000 1.0
0100000000000000 1.0
0000000000000000 1.0
0100000000000000 1.0
0000000000000000 1.0
0100000000000000 1.0
1100000000000000 1.0
1100000000000000 1.0
0100000000000000 1.0
0100000000000011 1.0
1100000000000000 1.0
0100000000000000 1.0
0100000001000000 1.0
0000000000000001 1.0
0000000000000000 1.0
1110000001000000 1.0
0100000001000011 1.0
1110000000000001 1.0
1100000000000000 1.0
1100000000000000 1.0
1000000000000001 1.0
1100000000000011 1.0
0100000000000000 1.0
1110000000000000 1.0
0000000000000000 1.0
1100000000000000 1.0
0000000000X00010 1.0
0000000000000000 1.0
0100000000000000 1.0
0100000000000000 1.0
1100000000000001 1.0
1110000000000000 1.0
0100000000000000 1.0
1110000000000000 1.0
0110000001000000 1.0
0100000000000000 1.0
0100000000000000 1.0
1100000000000100 1.0
0000000001000000 1.0
0000000000000000 1.0
0100000000000000 1.0
1100000000000001 1.0
1100000000000011 1.0
1100000001000000 1.0
0100000000000000 1.0
1000000000000000 1.0
1100000000000000 1.0
0000000000000000 1.0
0100000000000001 1.0
1110000000000000 1.0
1100000000000000 1.0
0100000000000000 1.0
1110000001000001 1.0
0100000000000001 1.0
1100000000000001 1.0
0110000000000011 1.0
1100000000000000 1.0
1100000000000000 1.0
0100000000000000 1.0
1100000000000101 1.0
1100000000000011 1.0
1100000000000000 1.0
0100000000000111 1.0
1100000000000000 1.0
1100000000000001 1.0
1100000000000001 1.0
1110000000000101 1.0
0100000000000000 1.0
0000000000000000 1.0
1100000000000000 1.0
1100000000000000 1.0
1100000000000101 1.0
1100000000000000 1.0
1100000000000000 1.0
0100000000000000 1.0
1100000000000001 1.0
0000000000000000 1.0
1100000000000000 1.0
0000000000000000 1.0
0000000000000000 1.0
1100000000000000 1.0
0100000000000000 1.0
1110000000000000 1.0
0100000000000001 1.0
0100000000000001 1.0
0100000000000111 1.0
0000000000000000 1.0
0000000000000000 1.0
0000000000000000 1.0
1100000000000000 1.0
1110000001000001 1.0
0000000000000000 1.0
1100000000000011 1.0
0100000000000000 1.0
1100000000000000 1.0
1100000000000000 1.0
1100000000000000 1.0
0000000000000000 1.0
0100000000000000 1.0
0110000001000000 1.0
1100000000000000 1.0
0100000000000000 1.0
0100000000000000 1.0
0100000001000000 1.0
11100000000000X0 1.0
1100000000000000 1.0
1110000000000000 1.0
1110000000000001 1.0
0100000000000XXX 1.0
0000000000000000 1.0
1000000000000001 1.0
0100000000000000 1.0
1100000001100000 1.0
0100000000000000 1.0
0000000000000000 1.0
0000000001000011 1.0
1100000001100000 1.0
0100000000000000 1.0
1110000000000000 1.0
0000000000000001 1.0
0000000000000001 1.0
0100000000000000 1.0
1100000000000000 1.0
0100000000000000 1.0
0010000000000001 1.0
0100000000000000 1.0
0000000000000000 1.0
0100000000000000 1.0
0100000000000000 1.0
0000000000000000 1.0
1100000000000000 1.0
1100000000000000 1.0
0000000000000000 1.0
1100000000000000 1.0
1110000000000000 1.0
0100000000000000 1.0
1110000001000000 1.0
1100000000000000 1.0
1100000000000000 1.0
1100000000000000 1.0
1110000000010001 1.0
0000000000000000 1.0
0000000000000000 1.0
1110000001000011 1.0
1100000000000000 1.0
1100000000000000 1.0
1100000000000000 1.0
0000000000000000 1.0
0100000000000000 1.0
0100000000000100 1.0
0000000000000000 1.0
1100000000000000 1.0
1100000000000000 1.0
1100000000000000 1.0
0000000000000000 1.0
0000000000000000 1.0
0100000000000000 1.0
0110000000100001 1.0
0100000000000111 1.0
0100000000000000 1.0
1100000000000000 1.0
0000000000000000 1.0
1100000000000000 1.0
0000000000000000 1.0
0100000000000000 1.0
1100000000000001 1.0
0100000000000000 1.0
0000000000000000 1.0
1110000000000000 1.0
0000000000000XXX 1.0
0000000000000000 1.0
0100000000000111 1.0
0100000000100000 1.0
0100000000000000 1.0
0100000000000000 1.0
0100000000000000 1.0
0000000000000000 1.0
0100000000000000 1.0
0000000000000001 1.0
0100000000000001 1.0
1110000000000011 1.0
1110000000000101 1.0
1111000000000000 1.0
1100000000000000 1.0
1110000000000001 1.0
0000000000000000 1.0
0000000000000000 1.0
0100000000000000 1.0
0000000000000000 1.0
0100000000000000 1.0
0000000000000000 1.0
0100000000000000 1.0
1100000000000001 1.0
0100000000000001 1.0
0100000000000000 1.0
1110000001000111 1.0
0110000000000001 1.0
0100000000000001 1.0
1100000000000000 1.0
0000000000000000 1.0
1100000000000000 1.0
0100000000000000 1.0
0100000000000011 1.0
1100000000000000 1.0
0000000000000000 1.0
0000000000000000 1.0
1100000000000000 1.0
1100000000000000 1.0
1100000000000000 1.0
0100000000000000 1.0
1100000000000000 1.0
0100000000000000 1.0
0100000000000000 1.0
1110000000000000 1.0
1100000000000000 1.0
0100000000000010 1.0
1100000000000000 1.0
0100000000000000 1.0
0000000000000000 1.0
0000000000000011 1.0
1000000000000000 1.0
110000000XXX0000 1.0
0100000000000000 1.0
0000000000000011 1.0
0000000000000000 1.0
0110000000000000 1.0
1110000000000000 1.0
1100000000000001 1.0
1100000000000000 1.0
0100000000000001 1.0
1110000000000001 1.0
1100000000000000 1.0
0100000000100000 1.0
1100000000000000 1.0
0110000000000011 1.0
0000000000000000 1.0
1100000000000000 1.0
0000000000000000 1.0
0100000000000000 1.0
0100000000000000 1.0
1100000000000000 1.0
1100000000000100 1.0
0100000000000000 1.0
1100000000000000 1.0
0000000001100011 1.0
0000000000000000 1.0
0000000000000000 1.0
0100000000000011 1.0
0100000000000000 1.0
