5000
11
10101110110 1.0
00110011111 1.0
11111011001 1.0
00000110111 1.0
01111010101 1.0
11011000001 1.0
10100011110 1.0
10010001011 1.0
11010011111 1.0
11000010100 1.0
00111001001 1.0
00011101111 1.0
00010100001 1.0
00011011100 1.0
01111111101 1.0
00100010110 1.0
00001100111 1.0
00011110100 1.0
11000001100 1.0
00100010110 1.0
00010100000 1.0
00110000111 1.0
01001011100 1.0
01010101001 1.0
00101011110 1.0
01101100111 1.0
11000011110 1.0
10010100000 1.0
00011001001 1.0
11110110100 1.0
00111011111 1.0
00100101111 1.0
10101011000 1.0
00010011001 1.0
01100100111 1.0
00010101001 1.0
00110100111 1.0
01011010000 1.0
11100011100 1.0
01101011100 1.0
00010100111 1.0
00101001110 1.0
11110001001 1.0
00101011000 1.0
00011010100 1.0
01001000111 1.0
00001010110 1.0
00100011111 1.0
00110101010 1.0
01011010000 1.0
11010000001 1.0
10010110001 1.0
01110010000 1.0
00010000000 1.0
11110110101 1.0
11001111000 1.0
00010110010 1.0
01101000000 1.0
01000001110 1.0
01110011001 1.0
01110011101 1.0
00011000000 1.0
10111110110 1.0
00110001001 1.0
00100100110 1.0
00101100100 1.0
00001011111 1.0
00011100001 1.0
10111101101 1.0
00010100111 1.0
00111100101 1.0
00001000101 1.0
01101101011 1.0
00110110110 1.0
10100111110 1.0
10010010101 1.0
00100010110 1.0
11101011110 1.0
11110011011 1.0
00011010101 1.0
00101010100 1.0
00010101110 1.0
11101001010 1.0
00100101011 1.0
10111010110 1.0
01010011000 1.0
01111101100 1.0
00010010111 1.0
01100101010 1.0
11001110101 1.0
01101110110 1.0
00101001000 1.0
11100001010 1.0
11101011110 1.0
01000100010 1.0
01110100011 1.0
00010010101 1.0
11001001001 1.0
10100110101 1.0
00101001010 1.0
01100111110 1.0
11010100001 1.0
10111110010 1.0
11100111010 1.0
00001001111 1.0
10111011101 1.0
00110011001 1.0
10001000010 1.0
00101010110 1.0
11101011110 1.0
00111000001 1.0
01100010101 1.0
10110111100 1.0
10101111101 1.0
00111111110 1.0
11110100101 1.0
01101001011 1.0
11101001000 1.0
01100001011 1.0
11100011100 1.0
00100000110 1.0
00011100000 1.0
10101110010 1.0
01010001111 1.0
10001100111 1.0
00110001001 1.0
10101011110 1.0
11100101111 1.0
01100011011 1.0
01011011001 1.0
11110000010 1.0
00011010111 1.0
10111011011 1.0
11100110110 1.0
11101100101 1.0
10011011110 1.0
11101101001 1.0
00011100011 1.0
00110110010 1.0
00110110000 1.0
01001110111 1.0
11011110101 1.0
01101001101 1.0
01000101100 1.0
10100011001 1.0
11010101101 1.0
00101001001 1.0
10110100111 1.0
10110011000 1.0
00100010010 1.0
00111011001 1.0
01011010101 1.0
10110011000 1.0
10110000000 1.0
00011011110 1.0
10101111111 1.0
00011101111 1.0
11101100111 1.0
01010100110 1.0
10000111100 1.0
11101011110 1.0
01100101111 1.0
00010000001 1.0
00010010001 1.0
11111001011 1.0
00011011011 1.0
00010001110 1.0
00010010011 1.0
11101010000 1.0
11000100101 1.0
10101111101 1.0
11010011111 1.0
10010101100 1.0
00101110001 1.0
10110011000 1.0
01001011011 1.0
00010010101 1.0
10000100100 1.0
10011010010 1.0
10100111101 1.0
11110110110 1.0
00000010111 1.0
01000100100 1.0
10110110101 1.0
10100001100 1.0
11011111001 1.0
10101011111 1.0
00000101101 1.0
11111110100 1.0
00011010001 1.0
11011100000 1.0
01100001110 1.0
11010100101 1.0
10111000011 1.0
10100011110 1.0
01011001101 1.0
10111111111 1.0
10110010001 1.0
01100010100 1.0
01001010101 1.0
11100010011 1.0
10100100111 1.0
01100000100 1.0
01000100101 1.0
10000111010 1.0
00110111101 1.0
10011110110 1.0
00010101001 1.0
01011100011 1.0
10110101111 1.0
11001011001 1.0
11011010101 1.0
11011010110 1.0
01101010110 1.0
10110111011 1.0
01011001001 1.0
10001011001 1.0
00100100110 1.0
00111011101 1.0
11100101101 1.0
11011011101 1.0
11101111001 1.0
00001110110 1.0
00100110110 1.0
00011101111 1.0
10101011110 1.0
11001101111 1.0
11011110011 1.0
11001010101 1.0
00111000111 1.0
00010000101 1.0
10101101100 1.0
00000101111 1.0
01110100100 1.0
00100001101 1.0
01100001100 1.0
00101011010 1.0
11001100000 1.0
10111110111 1.0
11010000011 1.0
00100000001 1.0
00000010001 1.0
11110000010 1.0
00110101100 1.0
01111000110 1.0
00010000011 1.0
11101011111 1.0
11110110001 1.0
00111101011 1.0
01100000111 1.0
10111011101 1.0
00011000001 1.0
10100111110 1.0
01011001001 1.0
10100111000 1.0
00010011010 1.0
01011110001 1.0
10001100110 1.0
11010101001 1.0
11001011001 1.0
00111011110 1.0
01001101101 1.0
10001110101 1.0
10100111110 1.0
11011011001 1.0
10011100110 1.0
00101011100 1.0
01101100001 1.0
10000011101 1.0
00100010011 1.0
11110011100 1.0
11100100011 1.0
11011011000 1.0
01101011110 1.0
10110011010 1.0
11000010101 1.0
00110001111 1.0
10111101101 1.0
00111000011 1.0
01000000000 1.0
00111110100 1.0
11100000011 1.0
00010100101 1.0
10101010100 1.0
00111111111 1.0
01111001001 1.0
10110010010 1.0
11110001001 1.0
11110100101 1.0
00101101110 1.0
00110001001 1.0
10011010000 1.0
00010010111 1.0
00100011110 1.0
00111101011 1.0
10100011110 1.0
11110000101 1.0
01001010011 1.0
10010110110 1.0
11100100111 1.0
00010011011 1.0
11110011000 1.0
01110000010 1.0
00001111101 1.0
00101001100 1.0
01110100001 1.0
01101110001 1.0
01111011001 1.0
00000100110 1.0
00100011111 1.0
00000001111 1.0
11111100001 1.0
10100110010 1.0
11000110101 1.0
01010100000 1.0
11111100111 1.0
11101011100 1.0
00100011110 1.0
11010010000 1.0
10010010000 1.0
10010010011 1.0
10001000110 1.0
00011010000 1.0
00100101110 1.0
11001001011 1.0
11010110111 1.0
11001010110 1.0
01010100001 1.0
10110101011 1.0
10010101000 1.0
10100100100 1.0
10110011100 1.0
11101000110 1.0
11100111111 1.0
10110000110 1.0
00010101101 1.0
01100101110 1.0
10010011000 1.0
10001011100 1.0
01100010100 1.0
10100011010 1.0
11011000001 1.0
10101111100 1.0
11110101000 1.0
11010000010 1.0
10110011100 1.0
00001000100 1.0
00010000001 1.0
00101111111 1.0
01000000001 1.0
11001001001 1.0
10011011010 1.0
01001000001 1.0
01110110010 1.0
10010011110 1.0
10100011100 1.0
10110101101 1.0
00100101110 1.0
01100001111 1.0
00010000001 1.0
10011101010 1.0
11011110101 1.0
01001011010 1.0
11111110101 1.0
00101000101 1.0
01010000011 1.0
10110011110 1.0
01010001001 1.0
10010100001 1.0
00010010001 1.0
01000110101 1.0
10011000111 1.0
10001111100 1.0
10110111001 1.0
10100011110 1.0
11011110000 1.0
00101010001 1.0
10101111010 1.0
00010100111 1.0
11001100001 1.0
10111001000 1.0
10110111110 1.0
00110011110 1.0
10100001100 1.0
11000001100 1.0
00001000001 1.0
00110000010 1.0
10110100101 1.0
10011000011 1.0
11010100101 1.0
01111010000 1.0
10111110010 1.0
01111010010 1.0
01001001001 1.0
00101011001 1.0
11100011000 1.0
01010100001 1.0
01001011000 1.0
11010010001 1.0
10111011000 1.0
00111011001 1.0
01001010111 1.0
01010001110 1.0
10011000001 1.0
01000100100 1.0
11101101010 1.0
00101100110 1.0
11010100101 1.0
10100101110 1.0
00110000011 1.0
01010010010 1.0
10111011011 1.0
00010100011 1.0
11000111111 1.0
11111001001 1.0
00111011100 1.0
10101101100 1.0
00010100001 1.0
11011101011 1.0
10110110001 1.0
10101000100 1.0
00011000100 1.0
11010000101 1.0
00100011110 1.0
01110000011 1.0
01000000001 1.0
10011010011 1.0
00000111111 1.0
10111000000 1.0
10010011011 1.0
11011001001 1.0
10011001001 1.0
00001011010 1.0
00101001000 1.0
11000110100 1.0
00101001001 1.0
01010000111 1.0
01010110110 1.0
00001100101 1.0
10010101111 1.0
11101110101 1.0
11100001000 1.0
00101111110 1.0
10101011100 1.0
00101001110 1.0
00101011000 1.0
00001101010 1.0
00011000111 1.0
10110101100 1.0
10101011000 1.0
00101011000 1.0
01011001001 1.0
00111001101 1.0
00101010111 1.0
11010100001 1.0
11010100011 1.0
10010000001 1.0
01100001101 1.0
10111101000 1.0
11001011000 1.0
00010000010 1.0
01111000101 1.0
10010011010 1.0
00111011010 1.0
11001000100 1.0
01010100001 1.0
00100100110 1.0
01011110111 1.0
11011010100 1.0
11010001000 1.0
00111010001 1.0
10010011100 1.0
11111000001 1.0
10111110110 1.0
10010110111 1.0
01010001110 1.0
11111000011 1.0
11010000101 1.0
11011101000 1.0
01111010001 1.0
00110010101 1.0
00100101100 1.0
11001100001 1.0
00011011001 1.0
10100111110 1.0
10110001001 1.0
00011111111 1.0
10101011100 1.0
00100101110 1.0
11010001011 1.0
11010110110 1.0
11101010001 1.0
00101001011 1.0
00111101101 1.0
00111111101 1.0
01100100101 1.0
11011110110 1.0
11000101000 1.0
10110101100 1.0
01011100111 1.0
01100011111 1.0
10110001000 1.0
11100011000 1.0
00110101101 1.0
11001001100 1.0
11000000110 1.0
11101001110 1.0
01010011011 1.0
00110001110 1.0
10110100001 1.0
00000111111 1.0
00111001010 1.0
10110010001 1.0
00010000111 1.0
11000100001 1.0
10111110010 1.0
11010110101 1.0
10110010010 1.0
01010000011 1.0
11000010000 1.0
01011000001 1.0
11101000100 1.0
01001101111 1.0
00111011100 1.0
11101011101 1.0
00011111010 1.0
11010101001 1.0
10010110100 1.0
11100011100 1.0
10011110101 1.0
01001000101 1.0
01101001100 1.0
10010100011 1.0
00010001101 1.0
00010011001 1.0
01010000001 1.0
01100011010 1.0
01100000110 1.0
10100010100 1.0
11010100101 1.0
00011010001 1.0
00000111111 1.0
11011011001 1.0
10100011111 1.0
01010000000 1.0
10010111001 1.0
11110001000 1.0
11011101001 1.0
01011000001 1.0
01100100101 1.0
00011000111 1.0
00001100100 1.0
10011011101 1.0
00111101110 1.0
11010100000 1.0
10110101100 1.0
11010110001 1.0
00101111100 1.0
10110001000 1.0
01010000111 1.0
00000010001 1.0
10011010010 1.0
01101011110 1.0
00111101110 1.0
00110001010 1.0
01101011000 1.0
01010000001 1.0
00100111111 1.0
10000001110 1.0
01010100001 1.0
11101111100 1.0
10010111000 1.0
01001111111 1.0
00101101000 1.0
00100011100 1.0
11011010011 1.0
10000011110 1.0
01010010011 1.0
01000001001 1.0
11011100001 1.0
00100011111 1.0
11011011111 1.0
10010001001 1.0
10010100100 1.0
11110011000 1.0
11100101000 1.0
01110110110 1.0
10011000001 1.0
00100100111 1.0
11111000000 1.0
11101010110 1.0
01101110110 1.0
10110101011 1.0
10111010011 1.0
11110001100 1.0
10010011001 1.0
00000100111 1.0
10110110100 1.0
01011101111 1.0
00010100111 1.0
11011100111 1.0
01011000001 1.0
00011000110 1.0
01101000100 1.0
00100111111 1.0
10010100101 1.0
00000010111 1.0
10010011001 1.0
11011100100 1.0
01110011100 1.0
01010000101 1.0
00100010101 1.0
00010101111 1.0
00100001110 1.0
00101001110 1.0
10001011100 1.0
11000101110 1.0
01010100010 1.0
11001001001 1.0
10110001000 1.0
10110011110 1.0
11011100101 1.0
10110010000 1.0
00100011100 1.0
00010001100 1.0
11101010100 1.0
01011000101 1.0
10011011001 1.0
01010000110 1.0
00100011010 1.0
11001101100 1.0
01110011110 1.0
01010100101 1.0
01011000001 1.0
11010000001 1.0
10010011110 1.0
11111011101 1.0
11010001001 1.0
00100001111 1.0
11001110110 1.0
00111001010 1.0
01100001101 1.0
00011110101 1.0
00010101100 1.0
00100110101 1.0
11111001000 1.0
10001111100 1.0
11111111011 1.0
00110100110 1.0
01010000010 1.0
00011111100 1.0
00011011011 1.0
01001010100 1.0
01110000100 1.0
11010011111 1.0
01000010100 1.0
01001000100 1.0
11100100100 1.0
01011001101 1.0
00011101001 1.0
00011100110 1.0
00000011011 1.0
00000110100 1.0
10010001001 1.0
11111001000 1.0
10110111011 1.0
10101100110 1.0
00101101011 1.0
01011110111 1.0
01101011100 1.0
00011100111 1.0
00000100101 1.0
11010110100 1.0
00100111101 1.0
00110100001 1.0
00010000100 1.0
00011111001 1.0
00101011111 1.0
01011001010 1.0
00010110101 1.0
00011001000 1.0
11011101001 1.0
00111001000 1.0
10010010110 1.0
01011100011 1.0
01100000001 1.0
11011001000 1.0
11100001100 1.0
01010000110 1.0
11001100101 1.0
00100100010 1.0
10011100110 1.0
00010010101 1.0
01011001001 1.0
10011001000 1.0
01110011111 1.0
00101011101 1.0
00010100101 1.0
00111000110 1.0
10101011111 1.0
00000000110 1.0
01010100011 1.0
01110100011 1.0
01000100101 1.0
01111100100 1.0
11100010100 1.0
00100111110 1.0
00111111011 1.0
11101101010 1.0
11001100101 1.0
01001000001 1.0
10101101110 1.0
10101110111 1.0
01110010101 1.0
01101000011 1.0
01011100001 1.0
11011110001 1.0
00001111100 1.0
10101111010 1.0
00101011111 1.0
01000001011 1.0
01001010010 1.0
01100010100 1.0
11111110110 1.0
01010100101 1.0
11001011000 1.0
10101000010 1.0
00111011111 1.0
11111011011 1.0
01101100110 1.0
00010010101 1.0
00001100001 1.0
11110111110 1.0
10010111101 1.0
10110011110 1.0
10100111111 1.0
11110011011 1.0
10100011111 1.0
00010000101 1.0
00011110101 1.0
11100001101 1.0
01110100111 1.0
10110111110 1.0
11110100000 1.0
00101011010 1.0
11000010010 1.0
10100001001 1.0
01011010110 1.0
10101111110 1.0
11111111111 1.0
00011000100 1.0
00101011001 1.0
01111011101 1.0
10011100001 1.0
01101010000 1.0
01101111110 1.0
10101011010 1.0
10100011111 1.0
11111011010 1.0
00010010000 1.0
01011000111 1.0
10010011000 1.0
10100000000 1.0
01001100001 1.0
11001011001 1.0
00101110110 1.0
00000100110 1.0
01011110111 1.0
00001100110 1.0
01001100000 1.0
11110010100 1.0
01010000001 1.0
11110000100 1.0
11101010111 1.0
11011001111 1.0
11100010001 1.0
10111011000 1.0
00101110011 1.0
00111011111 1.0
10100011111 1.0
01011000001 1.0
11100111110 1.0
00101111000 1.0
00011110101 1.0
10001001111 1.0
01000011110 1.0
11101011111 1.0
11100011001 1.0
00111000110 1.0
00001101110 1.0
01100100110 1.0
01010010001 1.0
10101011001 1.0
10100111100 1.0
11011001000 1.0
11001011110 1.0
11110010101 1.0
01011010100 1.0
11110101111 1.0
01101011101 1.0
11111011101 1.0
00110011111 1.0
10111111100 1.0
01101011111 1.0
11100111110 1.0
00101101001 1.0
00100011110 1.0
11011000001 1.0
00100010100 1.0
00101011101 1.0
00101101011 1.0
10111011001 1.0
00001110101 1.0
00101111101 1.0
00100011000 1.0
10001100000 1.0
11011011001 1.0
11010100001 1.0
10110111111 1.0
11101010010 1.0
01100001100 1.0
10100011010 1.0
00110101110 1.0
00110110001 1.0
10110000101 1.0
01011011111 1.0
11110000100 1.0
01100001100 1.0
00110110001 1.0
01001000001 1.0
01001000001 1.0
11110000001 1.0
01010000000 1.0
10111001010 1.0
10100011110 1.0
01100011110 1.0
10010100101 1.0
10010001101 1.0
10111000110 1.0
00100011000 1.0
11010000011 1.0
11101011010 1.0
00101111110 1.0
11110010100 1.0
01011100111 1.0
00111000001 1.0
11100000000 1.0
11000011100 1.0
11000110111 1.0
00100011111 1.0
10010001011 1.0
00001011111 1.0
01110000011 1.0
00111100101 1.0
00111011110 1.0
00100010110 1.0
00011011111 1.0
00011011001 1.0
00111001001 1.0
11011110000 1.0
11000111100 1.0
11110010011 1.0
01111100001 1.0
10110000000 1.0
01010010001 1.0
00010000101 1.0
01011110111 1.0
10111010010 1.0
11111011011 1.0
11111110000 1.0
10111011000 1.0
11001000110 1.0
11101110101 1.0
01101011111 1.0
01101110110 1.0
11110011001 1.0
10010110001 1.0
01110000001 1.0
00010100101 1.0
10101101110 1.0
01110100001 1.0
10100110101 1.0
01110011010 1.0
10101101110 1.0
00011100110 1.0
01100011110 1.0
01010001011 1.0
01101000010 1.0
01101101101 1.0
10010110111 1.0
00011001110 1.0
10100011100 1.0
10001111010 1.0
00110010001 1.0
10100011000 1.0
00001110111 1.0
10011011011 1.0
01110010001 1.0
10100001011 1.0
11100001110 1.0
01001111110 1.0
01000000001 1.0
10110110100 1.0
10000111100 1.0
11001100000 1.0
00110111111 1.0
00100010000 1.0
00110110100 1.0
01000100100 1.0
00011000001 1.0
11100111111 1.0
00101100101 1.0
01000110110 1.0
00111110011 1.0
11111011110 1.0
10111101100 1.0
11101100110 1.0
00010101111 1.0
00101111001 1.0
00010000100 1.0
11011011001 1.0
10101011100 1.0
11101011100 1.0
01101000000 1.0
00000011101 1.0
00100011100 1.0
01101000011 1.0
00101011010 1.0
00100011111 1.0
11100010100 1.0
11000100001 1.0
00101011110 1.0
10100111101 1.0
00010000011 1.0
00010110100 1.0
10100101010 1.0
10110011000 1.0
11000110101 1.0
10010000001 1.0
00111011000 1.0
10010001100 1.0
01011110010 1.0
00010100001 1.0
10111010010 1.0
10101011110 1.0
01001010010 1.0
11110110101 1.0
10011011011 1.0
01101001110 1.0
11010110010 1.0
11110011000 1.0
11001001101 1.0
00110110111 1.0
00010010010 1.0
01001100111 1.0
11010100011 1.0
00101010110 1.0
01010100101 1.0
11010011110 1.0
00001001010 1.0
01001100110 1.0
01011000010 1.0
10100011110 1.0
11100011110 1.0
00010001001 1.0
11010000001 1.0
11111100011 1.0
01111011001 1.0
10011001000 1.0
11010111011 1.0
00010100111 1.0
00010011111 1.0
01000101011 1.0
11101111100 1.0
10010100101 1.0
10011110001 1.0
10111111010 1.0
10111011011 1.0
10010100101 1.0
00111110100 1.0
01000000110 1.0
00010101001 1.0
10101000110 1.0
01101100111 1.0
11011011101 1.0
00010010101 1.0
00110000101 1.0
01111010101 1.0
01001100011 1.0
10110011010 1.0
00100000000 1.0
11011011001 1.0
11001000001 1.0
10010011101 1.0
01000100110 1.0
00100001111 1.0
10100010110 1.0
11011011000 1.0
00010100101 1.0
10110111111 1.0
00011111110 1.0
10111100001 1.0
11110000001 1.0
10001100111 1.0
00001011011 1.0
10010001001 1.0
00110011000 1.0
11011000000 1.0
01010010110 1.0
00110011100 1.0
00010001101 1.0
00101100001 1.0
11100001111 1.0
10010011000 1.0
11010010001 1.0
10100001101 1.0
11000000110 1.0
11111010000 1.0
10100000101 1.0
00010100001 1.0
00010011000 1.0
10110011110 1.0
01100001010 1.0
00100111101 1.0
01011000011 1.0
00011001101 1.0
01110100101 1.0
00101101010 1.0
00111000110 1.0
01100011111 1.0
01101100101 1.0
01010000111 1.0
00010100000 1.0
11011010001 1.0
01010010101 1.0
00010110100 1.0
10011000011 1.0
11101000111 1.0
00111000001 1.0
11010110100 1.0
00000011110 1.0
00010100111 1.0
11101011100 1.0
00000011111 1.0
00100111110 1.0
11111111100 1.0
10101110100 1.0
00100100101 1.0
00101011111 1.0
11011011000 1.0
10011100001 1.0
01011010100 1.0
00110001110 1.0
10111011010 1.0
10001001000 1.0
11000000010 1.0
01010001011 1.0
00110011001 1.0
00011001001 1.0
00100011010 1.0
11111011010 1.0
01110000110 1.0
10110100011 1.0
10001011100 1.0
00011110100 1.0
11011110001 1.0
11111011000 1.0
10101101111 1.0
01100011001 1.0
11010110001 1.0
01010011100 1.0
01011100101 1.0
01000000100 1.0
10010001001 1.0
00001001001 1.0
00111010010 1.0
00000100100 1.0
11101101100 1.0
10110111101 1.0
10010110011 1.0
10110001111 1.0
11000001001 1.0
10110001101 1.0
11000111100 1.0
10001111001 1.0
01001001011 1.0
00101011100 1.0
10111111110 1.0
00010100000 1.0
00010010001 1.0
00000100011 1.0
00011110101 1.0
10010000110 1.0
01000010101 1.0
00111011001 1.0
10011011100 1.0
00101100110 1.0
00111100001 1.0
01011100001 1.0
10111110111 1.0
10100001001 1.0
10010010000 1.0
10110011100 1.0
00010000010 1.0
11101111110 1.0
00101011111 1.0
11101011110 1.0
01001010110 1.0
10111001110 1.0
10101011000 1.0
01010100011 1.0
00000000101 1.0
01001010111 1.0
11100011101 1.0
00010011101 1.0
10000001000 1.0
01001110111 1.0
11100001100 1.0
00011001000 1.0
10011010111 1.0
01000010110 1.0
00101010110 1.0
00111111010 1.0
00101001001 1.0
01010100001 1.0
11000010100 1.0
00110100100 1.0
10100001011 1.0
00001001001 1.0
00000000111 1.0
11100000001 1.0
00101100110 1.0
00010111000 1.0
00111010100 1.0
00001111110 1.0
00111010100 1.0
11000000101 1.0
11101110111 1.0
10110110100 1.0
11100100110 1.0
11000100111 1.0
01011000101 1.0
10111010101 1.0
00111011001 1.0
01001110101 1.0
01100101101 1.0
00110100011 1.0
10101101010 1.0
01010010001 1.0
00001100001 1.0
00110101010 1.0
11011110011 1.0
10110101001 1.0
11010000101 1.0
11110001000 1.0
11011111001 1.0
00101101100 1.0
10100011110 1.0
01001000111 1.0
00011111101 1.0
00111001001 1.0
00100011100 1.0
00010010000 1.0
10011000110 1.0
00101101110 1.0
00011111001 1.0
11011011000 1.0
00011010000 1.0
10110110101 1.0
00110111010 1.0
00010000000 1.0
00101011110 1.0
00110110001 1.0
01011010000 1.0
00101110110 1.0
01100010110 1.0
11010001101 1.0
01110110110 1.0
01011100110 1.0
10111001010 1.0
10110010001 1.0
10111010000 1.0
01100011100 1.0
00011001001 1.0
11011010010 1.0
10100001110 1.0
01011010001 1.0
10101011110 1.0
00010110100 1.0
11100100010 1.0
01101100000 1.0
00111000011 1.0
01000111111 1.0
00001011010 1.0
00100101110 1.0
00001110010 1.0
01000011111 1.0
00011100101 1.0
10101011010 1.0
10110011001 1.0
01000100110 1.0
00101011000 1.0
01011010001 1.0
10111011100 1.0
00100001010 1.0
10110111110 1.0
00100011111 1.0
00101011001 1.0
11100111100 1.0
11010001001 1.0
00101111100 1.0
00110101001 1.0
00101100110 1.0
11010110001 1.0
11110110110 1.0
11100100101 1.0
00010000101 1.0
11011011100 1.0
00001001111 1.0
01010010001 1.0
11011010001 1.0
00101011111 1.0
11001010110 1.0
11100010111 1.0
01011010010 1.0
00111101110 1.0
10111010001 1.0
00011000010 1.0
01000000001 1.0
00011000101 1.0
00100100110 1.0
11101111101 1.0
11111011100 1.0
10111110010 1.0
10101011110 1.0
01001110100 1.0
11010100011 1.0
11001001000 1.0
00111110100 1.0
10010101010 1.0
11100110010 1.0
11011010100 1.0
11010011001 1.0
00111000000 1.0
01000000110 1.0
00111111110 1.0
11111010110 1.0
11100111101 1.0
01101011100 1.0
00011100110 1.0
11110100110 1.0
10011001000 1.0
01011011011 1.0
00100110110 1.0
00011001001 1.0
01001100011 1.0
10110101110 1.0
11010001001 1.0
10111011101 1.0
11100010011 1.0
11101110010 1.0
01010001001 1.0
00000110001 1.0
01011000000 1.0
00100010110 1.0
00010110111 1.0
11100011110 1.0
11101011111 1.0
10010011001 1.0
10010011001 1.0
01011001100 1.0
11010111010 1.0
00100111110 1.0
10111011100 1.0
01101010100 1.0
10010010011 1.0
10110000110 1.0
00111110110 1.0
10011001000 1.0
01110011110 1.0
00101011100 1.0
10100110110 1.0
10010011001 1.0
00011011110 1.0
11010101001 1.0
01001010101 1.0
00000100001 1.0
10101001001 1.0
10011001000 1.0
11011000010 1.0
10010001000 1.0
01011100001 1.0
00011010110 1.0
00111101001 1.0
11111001000 1.0
01010011100 1.0
01001000011 1.0
10011001000 1.0
11110101110 1.0
01011001001 1.0
00111101010 1.0
11011000001 1.0
01010100110 1.0
11010011100 1.0
11000110101 1.0
10011010000 1.0
11100011111 1.0
01000001011 1.0
01111001001 1.0
11100011100 1.0
11011010011 1.0
00100001001 1.0
10101001110 1.0
00010111111 1.0
10111000001 1.0
00100101110 1.0
10010010001 1.0
01100111110 1.0
00011100000 1.0
00100100101 1.0
10101000000 1.0
00010011111 1.0
10010011001 1.0
10100101010 1.0
10010111000 1.0
10101010111 1.0
11101101101 1.0
01001100010 1.0
00101100101 1.0
01001011110 1.0
01011010001 1.0
00010100101 1.0
10010011000 1.0
10110101111 1.0
11010000001 1.0
11111010100 1.0
01101001101 1.0
10010110100 1.0
11100001110 1.0
11100101011 1.0
01100111100 1.0
00011111101 1.0
11111001000 1.0
11111110001 1.0
11001110011 1.0
00100011110 1.0
10011111001 1.0
01000011010 1.0
11000101110 1.0
10101011000 1.0
10111110110 1.0
11011100101 1.0
01011010000 1.0
00111101011 1.0
11010000101 1.0
01011001011 1.0
11010011001 1.0
10011010100 1.0
00111000001 1.0
00101001011 1.0
01001001111 1.0
11111011001 1.0
11011010101 1.0
00101110101 1.0
01110100001 1.0
11100011100 1.0
01100101100 1.0
11101000000 1.0
10011001001 1.0
10010110101 1.0
11000110101 1.0
01101111110 1.0
01011110100 1.0
00100001010 1.0
10110110111 1.0
00000001000 1.0
01000111101 1.0
01110000100 1.0
10010100001 1.0
10011001001 1.0
11010100001 1.0
01111101100 1.0
00011101101 1.0
10101111110 1.0
10110011000 1.0
10110101100 1.0
01001011000 1.0
11011000000 1.0
00011101010 1.0
11110111100 1.0
00011101001 1.0
00100111100 1.0
10010100101 1.0
01010100111 1.0
11010010001 1.0
01101111011 1.0
00111010100 1.0
00111000001 1.0
01100111111 1.0
11100111100 1.0
11000001001 1.0
01001011100 1.0
11100101001 1.0
00110101011 1.0
11100011001 1.0
11001101011 1.0
10101101000 1.0
10110110000 1.0
11110001001 1.0
10100011100 1.0
00100110111 1.0
11010111001 1.0
11001110011 1.0
10111011110 1.0
10110011100 1.0
00011000000 1.0
11111110101 1.0
11000011011 1.0
11011100001 1.0
11010011101 1.0
11101011111 1.0
10000011000 1.0
01010101101 1.0
01000100111 1.0
00010111111 1.0
10100010110 1.0
11001010001 1.0
10110001000 1.0
01101010110 1.0
10011010011 1.0
00100001110 1.0
10111011000 1.0
00011100011 1.0
01010100001 1.0
10100001000 1.0
00101011100 1.0
10011111100 1.0
11001110101 1.0
11001000001 1.0
00010100001 1.0
00000011010 1.0
01010100011 1.0
00110001000 1.0
10101010100 1.0
00010100101 1.0
11110011000 1.0
10011110100 1.0
11110001001 1.0
01000101101 1.0
01011000110 1.0
01011100101 1.0
11000000100 1.0
10101110110 1.0
00011100101 1.0
10010011011 1.0
00100011101 1.0
00010101111 1.0
11100100101 1.0
00111010001 1.0
10010010011 1.0
00110111110 1.0
11110111110 1.0
11001010100 1.0
00101111101 1.0
10101011100 1.0
11100011010 1.0
00001010110 1.0
10001110100 1.0
00011110111 1.0
11010111100 1.0
01011101001 1.0
10110010010 1.0
01011010011 1.0
00101011100 1.0
10010110000 1.0
00011000110 1.0
11100101111 1.0
00011001011 1.0
10010110011 1.0
01010011101 1.0
10010101010 1.0
00011000001 1.0
01011100010 1.0
11001100101 1.0
10001110101 1.0
10110011010 1.0
11001110101 1.0
10111010010 1.0
01000100100 1.0
11101001011 1.0
01011100111 1.0
10111111110 1.0
00011011101 1.0
00010000111 1.0
00110111011 1.0
01001111101 1.0
01100001101 1.0
11010001001 1.0
00101101010 1.0
11000011000 1.0
11001100001 1.0
10100111111 1.0
11011010001 1.0
00011010010 1.0
00001001101 1.0
00101011001 1.0
00100011011 1.0
00010110101 1.0
00010000100 1.0
00010100000 1.0
11110011100 1.0
10110011100 1.0
00011101001 1.0
11101010100 1.0
01000101111 1.0
11101010110 1.0
01000110111 1.0
00011110101 1.0
01010001001 1.0
10010001001 1.0
01010001000 1.0
11010001010 1.0
11011010000 1.0
11011000001 1.0
01010100101 1.0
01101111110 1.0
10110101101 1.0
01000011001 1.0
00110011010 1.0
11101111001 1.0
01110001001 1.0
01010100101 1.0
10111010001 1.0
11011000001 1.0
10101101001 1.0
01011011001 1.0
10010110101 1.0
10110111010 1.0
00100110100 1.0
00001101111 1.0
11100011111 1.0
00111100000 1.0
11110000001 1.0
11110110101 1.0
00001011101 1.0
10100001100 1.0
10111010000 1.0
11010100001 1.0
01001100101 1.0
01100100101 1.0
00000011111 1.0
11001011100 1.0
00010000101 1.0
01001101110 1.0
10010010000 1.0
00110111110 1.0
01000001010 1.0
10001010001 1.0
11100111111 1.0
01110001011 1.0
01101101011 1.0
10111111000 1.0
00000101010 1.0
00110011101 1.0
00101011110 1.0
11110111001 1.0
00011010001 1.0
11100000100 1.0
00111101101 1.0
00011111100 1.0
01000000111 1.0
01101011110 1.0
11100010100 1.0
11101011001 1.0
00111000000 1.0
00011011001 1.0
00000001001 1.0
10000110011 1.0
11111000001 1.0
01110011000 1.0
10101000000 1.0
10010001001 1.0
11001001111 1.0
10010101110 1.0
11110011011 1.0
01101110001 1.0
10110100010 1.0
00010111111 1.0
01000001100 1.0
11100010101 1.0
11010100000 1.0
10101110110 1.0
10000011110 1.0
10111100011 1.0
01010010101 1.0
01010100101 1.0
10100011100 1.0
01100000110 1.0
10111011101 1.0
00100000100 1.0
01111111001 1.0
10111111110 1.0
01100011101 1.0
11101110010 1.0
11111011000 1.0
00000001101 1.0
11100011111 1.0
00010110000 1.0
11010011110 1.0
10111010010 1.0
00011110001 1.0
00100011110 1.0
01001100000 1.0
11000100101 1.0
01110011101 1.0
00111001000 1.0
01010010110 1.0
11101001010 1.0
11001001001 1.0
00110011001 1.0
00011110111 1.0
00111110110 1.0
00001100010 1.0
00101011110 1.0
00110010111 1.0
01101101101 1.0
10101010010 1.0
00111000100 1.0
10101011110 1.0
00001100110 1.0
01011000001 1.0
10101011111 1.0
00010100111 1.0
01000011011 1.0
01101011110 1.0
11010100100 1.0
11010010001 1.0
11110011111 1.0
10010100001 1.0
01001010110 1.0
10100011110 1.0
10011100000 1.0
00010000101 1.0
01110011111 1.0
01001000110 1.0
11111101100 1.0
11110100001 1.0
10110011110 1.0
01001001100 1.0
10010111110 1.0
11101011110 1.0
00011100011 1.0
10011101011 1.0
01111001111 1.0
00010001000 1.0
10010000001 1.0
00010010101 1.0
00111101111 1.0
11010110111 1.0
11111011000 1.0
00101010100 1.0
10110111101 1.0
11101011101 1.0
01011000101 1.0
11010011101 1.0
11010000011 1.0
01100010111 1.0
00011100011 1.0
00101011100 1.0
00010000101 1.0
10001101110 1.0
11111000111 1.0
01000001101 1.0
10100001101 1.0
01100100111 1.0
10011110100 1.0
10010000101 1.0
11001110101 1.0
00101011010 1.0
01000001110 1.0
00010100101 1.0
00011101101 1.0
10100011100 1.0
00010000001 1.0
11011001001 1.0
10010001001 1.0
10111011001 1.0
11110100100 1.0
10110011011 1.0
10010011001 1.0
10110011101 1.0
10010010101 1.0
01010101001 1.0
00010000101 1.0
11001100110 1.0
01111101000 1.0
00101011010 1.0
00100011110 1.0
00111100001 1.0
00010001101 1.0
11101111110 1.0
01110000101 1.0
11110011110 1.0
01010000001 1.0
11111011011 1.0
01001100101 1.0
10011001101 1.0
10001011100 1.0
01011010001 1.0
10111111000 1.0
11010000001 1.0
10011001001 1.0
00010101010 1.0
00011001000 1.0
10011000010 1.0
10111110100 1.0
10010101111 1.0
00001010110 1.0
01011110111 1.0
11000101110 1.0
10011001001 1.0
01101011110 1.0
00010000001 1.0
01011011001 1.0
00110111110 1.0
10011000001 1.0
11101111101 1.0
10110111100 1.0
01011010000 1.0
01011100111 1.0
10111010001 1.0
00101010101 1.0
01010011000 1.0
00010110101 1.0
00001010111 1.0
00100011011 1.0
11101011110 1.0
01100100111 1.0
01111000000 1.0
00101111110 1.0
10100011011 1.0
10101101100 1.0
10010011010 1.0
01100001100 1.0
00011010001 1.0
10100011110 1.0
00010100010 1.0
00011100011 1.0
10100011111 1.0
00011111111 1.0
11111010001 1.0
11100101110 1.0
10110011010 1.0
00100101111 1.0
00001001110 1.0
01110000001 1.0
00011010110 1.0
10010100001 1.0
10110001000 1.0
11100101111 1.0
00010100000 1.0
01011111101 1.0
11011010001 1.0
10111011010 1.0
01011000100 1.0
11011000011 1.0
10110001101 1.0
10100101110 1.0
10110010100 1.0
00001000110 1.0
11000010101 1.0
11010100111 1.0
00010100111 1.0
10001110110 1.0
00111010000 1.0
00111010111 1.0
01100011000 1.0
10100101001 1.0
11110001011 1.0
10100110000 1.0
01100000100 1.0
11100000000 1.0
10110111111 1.0
00110010110 1.0
10100111111 1.0
00110011110 1.0
01111011000 1.0
00001000101 1.0
00011000010 1.0
00000011101 1.0
01011000110 1.0
01100111111 1.0
00010100111 1.0
10111101101 1.0
11000000010 1.0
11110100110 1.0
01000101111 1.0
11001011001 1.0
01000000110 1.0
11010011000 1.0
11111010001 1.0
00110110001 1.0
01010111111 1.0
10110010100 1.0
10110110100 1.0
10100111111 1.0
00011101100 1.0
11000011100 1.0
01101011110 1.0
00110100101 1.0
11011001000 1.0
10111011001 1.0
00100001000 1.0
01100001010 1.0
01000010110 1.0
00101101011 1.0
10100111110 1.0
01011100001 1.0
11001000000 1.0
10101001000 1.0
01101111110 1.0
11110101000 1.0
11010100101 1.0
00010000110 1.0
11110000001 1.0
01010100001 1.0
00011011010 1.0
11110111110 1.0
00100111101 1.0
00111101101 1.0
10110010001 1.0
10010011100 1.0
10110110100 1.0
11010001011 1.0
00010001011 1.0
00111010101 1.0
11000010100 1.0
11011000001 1.0
00011001001 1.0
01011100111 1.0
11010001001 1.0
11111011101 1.0
01000101101 1.0
00001011100 1.0
10011111000 1.0
11011011111 1.0
01000011101 1.0
10110110111 1.0
10010101001 1.0
00010100111 1.0
11111010001 1.0
10001101111 1.0
01011001110 1.0
11011011000 1.0
00111100110 1.0
10010100111 1.0
00010001001 1.0
00101111100 1.0
00011001000 1.0
11100100110 1.0
00110101101 1.0
01001010000 1.0
00010011011 1.0
01011101111 1.0
01000001101 1.0
01001110100 1.0
11000110110 1.0
00011111111 1.0
11001100101 1.0
10111011000 1.0
11010101010 1.0
11001001000 1.0
00011000001 1.0
01100010111 1.0
01001010100 1.0
11001100011 1.0
01111110001 1.0
10011110111 1.0
10001111100 1.0
00100110111 1.0
01100100110 1.0
01101011010 1.0
01010000011 1.0
11100101101 1.0
11111011110 1.0
00000011011 1.0
00011000001 1.0
11001110111 1.0
10110011111 1.0
10111011001 1.0
10100011110 1.0
00111010111 1.0
01110010100 1.0
01000011110 1.0
00011000001 1.0
00011101001 1.0
00100011110 1.0
01100001001 1.0
11100001011 1.0
10100001011 1.0
10010011110 1.0
01101100110 1.0
00110000110 1.0
11100000110 1.0
10101000000 1.0
11101100001 1.0
01010100001 1.0
11010000001 1.0
10011101111 1.0
10010001000 1.0
11011110000 1.0
10110110011 1.0
11011100001 1.0
11110010101 1.0
11001011100 1.0
00000000110 1.0
00111010001 1.0
01100100110 1.0
00100101100 1.0
00101111001 1.0
11010011001 1.0
00100011010 1.0
01001001001 1.0
10110000000 1.0
00011010001 1.0
11110100101 1.0
00110100110 1.0
11011001001 1.0
01010101111 1.0
01101010111 1.0
11010110001 1.0
00001100110 1.0
11011011101 1.0
11000001010 1.0
10111101101 1.0
01101110111 1.0
00101101110 1.0
00111110110 1.0
00000100111 1.0
00100101101 1.0
00111010000 1.0
11100111100 1.0
10110011000 1.0
01001011001 1.0
10110011110 1.0
00111110110 1.0
11010110110 1.0
00011010101 1.0
00010000101 1.0
00110001110 1.0
01101011010 1.0
01110100111 1.0
00010000000 1.0
11100111010 1.0
10011000001 1.0
01000000110 1.0
00011010011 1.0
11010011100 1.0
11100011110 1.0
11100111101 1.0
01111101111 1.0
00010110011 1.0
10100011010 1.0
00010001101 1.0
11111001101 1.0
11011000011 1.0
01111000100 1.0
11100101001 1.0
00101101110 1.0
11001110101 1.0
01011010010 1.0
00010001111 1.0
00001001000 1.0
00011101101 1.0
11011010010 1.0
00110000101 1.0
01101011101 1.0
10111011000 1.0
01011101000 1.0
00011100000 1.0
10110011010 1.0
00010001111 1.0
11011100001 1.0
01011000110 1.0
01101011110 1.0
00100100110 1.0
01100001000 1.0
00110110001 1.0
11010001000 1.0
10000001001 1.0
11010000001 1.0
10100111010 1.0
01000001010 1.0
11100111100 1.0
01011000100 1.0
10010010101 1.0
11010010000 1.0
00111011110 1.0
00110001111 1.0
10110101101 1.0
00011101011 1.0
10010110000 1.0
10011010000 1.0
00101011111 1.0
10100111100 1.0
10111101001 1.0
11010100101 1.0
00101011110 1.0
11101111101 1.0
01001000000 1.0
01010001001 1.0
00000000100 1.0
01011000110 1.0
11011100111 1.0
01001011110 1.0
00001011111 1.0
01000000001 1.0
10011100000 1.0
01010100101 1.0
11000100101 1.0
01000101110 1.0
00110011100 1.0
00011111001 1.0
11010001000 1.0
00100111010 1.0
01110011001 1.0
11011010101 1.0
11100011100 1.0
10011011001 1.0
11010100001 1.0
00100011110 1.0
11010000001 1.0
11000010111 1.0
00011010100 1.0
01011100000 1.0
10010011100 1.0
00111011101 1.0
11011000001 1.0
11110010100 1.0
00010011000 1.0
10100111000 1.0
00000101101 1.0
01101100111 1.0
01010001001 1.0
00011000001 1.0
10000110100 1.0
01001010111 1.0
01011000100 1.0
11101011001 1.0
01000100111 1.0
00100111110 1.0
01100101110 1.0
00011001011 1.0
01010101111 1.0
11111011000 1.0
10010001100 1.0
11001100111 1.0
11010111011 1.0
11011101111 1.0
01001010110 1.0
01011000000 1.0
01111111100 1.0
01000000000 1.0
00010000101 1.0
00011100101 1.0
11111011101 1.0
00110101110 1.0
00101011100 1.0
01100100011 1.0
00011100110 1.0
01011001001 1.0
00001011100 1.0
11001001101 1.0
01010001110 1.0
11110011111 1.0
10011000001 1.0
10011010000 1.0
10111111111 1.0
10010100101 1.0
01001111111 1.0
00000100110 1.0
10011111000 1.0
00010100110 1.0
00010100110 1.0
11010110111 1.0
00010000101 1.0
01110011001 1.0
00010101011 1.0
11111010101 1.0
11110010000 1.0
11100101100 1.0
11011000000 1.0
00000101100 1.0
11110101001 1.0
11010111100 1.0
01011001010 1.0
00010100101 1.0
00101111110 1.0
11010010001 1.0
00110111110 1.0
10100100100 1.0
01101100100 1.0
11110010101 1.0
00100011110 1.0
11011000010 1.0
01100111111 1.0
00100110111 1.0
10100101110 1.0
11111011000 1.0
10101111010 1.0
11100101111 1.0
01001010100 1.0
11011110001 1.0
11110111000 1.0
00111000101 1.0
01100111111 1.0
01101100101 1.0
00100111111 1.0
10111010001 1.0
01010100101 1.0
11001000000 1.0
10100111101 1.0
01000010001 1.0
00101001011 1.0
11011100001 1.0
01101110011 1.0
10010011001 1.0
10011000001 1.0
10001110000 1.0
00111111100 1.0
00011101001 1.0
11111110010 1.0
01100010101 1.0
00101110111 1.0
01110111011 1.0
11101001001 1.0
01100000110 1.0
00010001100 1.0
10110011001 1.0
10001000000 1.0
01001001001 1.0
01111000000 1.0
00010100011 1.0
01001000101 1.0
11111001000 1.0
11010100000 1.0
01000010110 1.0
10110100011 1.0
11000111110 1.0
10010000001 1.0
01010011001 1.0
11011000001 1.0
11011011001 1.0
00011100111 1.0
00000101100 1.0
10011100000 1.0
00011000011 1.0
00101101001 1.0
10011010000 1.0
11100001010 1.0
10100111110 1.0
01000100110 1.0
00011001000 1.0
01010100101 1.0
10111110100 1.0
00101011010 1.0
11100111111 1.0
10011011000 1.0
00010000011 1.0
01010010110 1.0
00110110101 1.0
01100000001 1.0
11100111110 1.0
10010110101 1.0
10100110110 1.0
11001011101 1.0
10001101101 1.0
11101101111 1.0
01010011011 1.0
10011000101 1.0
00011011111 1.0
00011010111 1.0
01000100011 1.0
00110000000 1.0
01010010111 1.0
10101011001 1.0
10010101101 1.0
00110000110 1.0
10110100010 1.0
10110100000 1.0
01100001111 1.0
11110011101 1.0
01011000101 1.0
10111111111 1.0
10011000001 1.0
00101010100 1.0
00101110100 1.0
00100011001 1.0
10010011001 1.0
00101110011 1.0
01101110111 1.0
00010100000 1.0
10110011000 1.0
01101100111 1.0
11001001010 1.0
10010111001 1.0
10011111010 1.0
01000000110 1.0
10100010101 1.0
10010100101 1.0
10100000110 1.0
11011001001 1.0
10010011110 1.0
00111010001 1.0
10010001001 1.0
01000100101 1.0
11000011010 1.0
11011100111 1.0
10111011011 1.0
01010000001 1.0
00100011000 1.0
00000100101 1.0
01110001001 1.0
00110011110 1.0
00110100001 1.0
01001100101 1.0
01100001110 1.0
11001000000 1.0
10010110100 1.0
00011010001 1.0
01001001011 1.0
00011010001 1.0
11001000000 1.0
01011010101 1.0
00111111101 1.0
00001110110 1.0
01011000001 1.0
10011111010 1.0
11011000101 1.0
01010000011 1.0
10110110011 1.0
11000000000 1.0
01100101111 1.0
10100100100 1.0
01010101001 1.0
01010000001 1.0
01011000011 1.0
01000100000 1.0
10101011000 1.0
11111111001 1.0
11101011101 1.0
01010000001 1.0
01011100111 1.0
00100001110 1.0
11100011011 1.0
00110110101 1.0
00010100101 1.0
10100110110 1.0
11001011111 1.0
10011000001 1.0
00100110101 1.0
01011000011 1.0
01011110001 1.0
00111011011 1.0
01000100111 1.0
10011101010 1.0
11010010001 1.0
10001110100 1.0
01010000001 1.0
10111010000 1.0
10010100001 1.0
11101011110 1.0
11000100001 1.0
11011001000 1.0
10100111011 1.0
10010111011 1.0
01100000011 1.0
10000000011 1.0
11000001110 1.0
00100111100 1.0
00110001110 1.0
00010101001 1.0
11101111000 1.0
00110110111 1.0
10100110100 1.0
10101011000 1.0
11100011110 1.0
11010110101 1.0
11010000001 1.0
01001100111 1.0
01100111110 1.0
00010100101 1.0
00100011110 1.0
10100111110 1.0
10100000111 1.0
10010101001 1.0
00100111110 1.0
10110001000 1.0
01010010010 1.0
01101011101 1.0
11101011111 1.0
00010001001 1.0
10000111111 1.0
01101100111 1.0
10100101101 1.0
00010110011 1.0
10101011010 1.0
10110001000 1.0
00110100111 1.0
11100100111 1.0
00100101010 1.0
10010010010 1.0
10101001010 1.0
10110011000 1.0
11101011100 1.0
10010101101 1.0
10000110110 1.0
00010000011 1.0
00100000110 1.0
10100011001 1.0
01111000011 1.0
01011110000 1.0
00100011110 1.0
00011011010 1.0
01100011000 1.0
11100110100 1.0
11001111000 1.0
01010000001 1.0
01111011010 1.0
10100101100 1.0
00011001101 1.0
10101011011 1.0
00101001101 1.0
01100010111 1.0
00010000100 1.0
01010110001 1.0
00011100111 1.0
10011010001 1.0
11111011111 1.0
01000101011 1.0
01101011111 1.0
00000100000 1.0
11100011001 1.0
10101100110 1.0
01001111110 1.0
00101100101 1.0
00100001110 1.0
00010100001 1.0
10111110111 1.0
10111001001 1.0
11111111001 1.0
11000111101 1.0
11101011110 1.0
01100010110 1.0
00011110011 1.0
10110011001 1.0
01000000011 1.0
10110011011 1.0
10101011110 1.0
11010010110 1.0
11010010100 1.0
00100001111 1.0
01011010100 1.0
10011010001 1.0
01100011001 1.0
11011001010 1.0
10111111100 1.0
10100100100 1.0
10111011101 1.0
01011000110 1.0
11011011000 1.0
00101011011 1.0
01100000010 1.0
11001110001 1.0
11110100001 1.0
10011011110 1.0
11010001100 1.0
00110000101 1.0
00001100101 1.0
00111111100 1.0
10010010000 1.0
00100101101 1.0
00000000101 1.0
00001011111 1.0
11001111000 1.0
10011011111 1.0
00111011011 1.0
10101011101 1.0
11100011111 1.0
11100011110 1.0
00011111101 1.0
10010100001 1.0
01000010001 1.0
10110010100 1.0
11001000001 1.0
00101011001 1.0
00111011010 1.0
11111110110 1.0
11000100111 1.0
01000000101 1.0
00011110000 1.0
10110011100 1.0
10100000000 1.0
00000011111 1.0
00100010110 1.0
00101001000 1.0
01101000101 1.0
10100011110 1.0
11101110101 1.0
01011100101 1.0
10111011111 1.0
11010100001 1.0
00010010011 1.0
00110001100 1.0
10101101111 1.0
01000010101 1.0
00010110011 1.0
00100001101 1.0
11001110001 1.0
01010100011 1.0
01111111110 1.0
11011010001 1.0
10110101110 1.0
00011100110 1.0
00000111110 1.0
01110011000 1.0
00100110100 1.0
11010000001 1.0
01000001111 1.0
11100010100 1.0
10010101110 1.0
11100100001 1.0
01111001101 1.0
01101010110 1.0
10110011000 1.0
00011011101 1.0
11111000001 1.0
10001111110 1.0
01100101110 1.0
00110110110 1.0
10111110110 1.0
00111111110 1.0
01101011100 1.0
00000001111 1.0
10000010100 1.0
11100001100 1.0
10111100000 1.0
11011001000 1.0
11011011000 1.0
01101010100 1.0
11111011110 1.0
00011000001 1.0
00101111101 1.0
11100011110 1.0
11001101010 1.0
01011100001 1.0
00000011111 1.0
01011000011 1.0
01010010000 1.0
00010011001 1.0
01010111111 1.0
10111011110 1.0
00001100001 1.0
10010111001 1.0
10011001000 1.0
10110000011 1.0
11100100110 1.0
11011100101 1.0
01011000001 1.0
11010000001 1.0
10110100100 1.0
00100010000 1.0
00011100011 1.0
10010100110 1.0
01101010110 1.0
11010000001 1.0
10010010110 1.0
00110001011 1.0
00011101011 1.0
00001101110 1.0
10010110000 1.0
11100110111 1.0
10001011000 1.0
01100111100 1.0
00110011001 1.0
11100111010 1.0
00001000000 1.0
11101000110 1.0
10101111110 1.0
11100001101 1.0
11011011110 1.0
00001001001 1.0
11001100000 1.0
01010101001 1.0
10101111110 1.0
11000111000 1.0
01001110001 1.0
11000010010 1.0
10101010011 1.0
01000000011 1.0
11011100101 1.0
10100011111 1.0
11111010111 1.0
01001001000 1.0
01011000001 1.0
00010110101 1.0
01111100101 1.0
10100101110 1.0
00111010000 1.0
11110110111 1.0
01100101111 1.0
01011100011 1.0
00010110111 1.0
00010101001 1.0
11101110010 1.0
01010000001 1.0
10111110110 1.0
00000110111 1.0
01110000111 1.0
10010100011 1.0
00101100011 1.0
01111011111 1.0
00101111110 1.0
01100010101 1.0
00111110000 1.0
11101111110 1.0
00001101001 1.0
00110011110 1.0
00011011001 1.0
00110101001 1.0
01011100001 1.0
00011110111 1.0
01001010001 1.0
11001011011 1.0
10010011100 1.0
11010000001 1.0
00001011110 1.0
00001000100 1.0
10110100110 1.0
00001000110 1.0
10111101110 1.0
01001110110 1.0
00100011110 1.0
00010000001 1.0
00010100100 1.0
01001011011 1.0
01010000001 1.0
00011010110 1.0
00010010001 1.0
10011010001 1.0
00011110101 1.0
10111011110 1.0
01010100011 1.0
11100001110 1.0
10110011000 1.0
01000001110 1.0
11100110110 1.0
10100011100 1.0
11111010000 1.0
11100011000 1.0
10111011100 1.0
00101011111 1.0
00101101101 1.0
11011100001 1.0
11001110011 1.0
00001000110 1.0
00111010110 1.0
10110001011 1.0
01010010001 1.0
11110100001 1.0
11010101101 1.0
00111011111 1.0
01010100001 1.0
11000010101 1.0
00010100111 1.0
00010000010 1.0
00110100111 1.0
10110011001 1.0
01000010100 1.0
00011100001 1.0
00101001111 1.0
00011100001 1.0
00001001001 1.0
10110110011 1.0
01000100111 1.0
10010100011 1.0
00101111110 1.0
10100100110 1.0
01101011100 1.0
01000100011 1.0
00100110100 1.0
00100010000 1.0
10100011100 1.0
01110111100 1.0
10000011111 1.0
00010110000 1.0
10100110000 1.0
00011010000 1.0
01110010010 1.0
10010100001 1.0
00100110111 1.0
01000000100 1.0
00011000001 1.0
00101011011 1.0
10110011010 1.0
00001000101 1.0
00011001001 1.0
00111010001 1.0
00010001001 1.0
10101010110 1.0
10110011001 1.0
11010000001 1.0
01010001010 1.0
10110011110 1.0
00110100111 1.0
11000100001 1.0
00000101101 1.0
01001001001 1.0
11000000010 1.0
00110110100 1.0
01000100110 1.0
01001000111 1.0
10001110011 1.0
11010011100 1.0
01011001101 1.0
11101111100 1.0
00000100111 1.0
01110010101 1.0
01010000001 1.0
00110111011 1.0
01001001011 1.0
00011110100 1.0
11010101101 1.0
00100111110 1.0
10101100101 1.0
00011011001 1.0
01001011011 1.0
00011001001 1.0
11000000101 1.0
01010000001 1.0
00010000101 1.0
10101011000 1.0
01011001100 1.0
00010000001 1.0
10001100011 1.0
01010000001 1.0
11011001010 1.0
11000010100 1.0
00111011001 1.0
00010000011 1.0
00011000100 1.0
10010000001 1.0
01111010001 1.0
01111110001 1.0
11011100001 1.0
00011010010 1.0
11101000100 1.0
00110100100 1.0
10010010000 1.0
00101011010 1.0
11110001100 1.0
00010011100 1.0
00101011010 1.0
00010100011 1.0
00111110101 1.0
10011100000 1.0
11111101001 1.0
01011110110 1.0
00001010001 1.0
01100010011 1.0
01111011011 1.0
11110111001 1.0
10100001001 1.0
01100011110 1.0
10011011111 1.0
10010111110 1.0
01100001001 1.0
00101010010 1.0
11001001111 1.0
01101010000 1.0
10110111101 1.0
00000010110 1.0
00011011001 1.0
00101101101 1.0
00011010110 1.0
11100001111 1.0
11010110101 1.0
00100010100 1.0
00111001111 1.0
11001100010 1.0
11010100100 1.0
11000110110 1.0
10111100000 1.0
01001010011 1.0
00000011111 1.0
00010011110 1.0
10010110010 1.0
01010100011 1.0
01101001110 1.0
01011000010 1.0
01101100100 1.0
01011011111 1.0
10000110111 1.0
11010100101 1.0
10101101111 1.0
10111011110 1.0
11000001100 1.0
01000001111 1.0
00001010101 1.0
00110001110 1.0
10011110011 1.0
11001100011 1.0
11010000100 1.0
00011101101 1.0
11011010000 1.0
00000100111 1.0
10110011000 1.0
00101011110 1.0
01100001111 1.0
10110010001 1.0
11010011010 1.0
00010001000 1.0
01110010011 1.0
11100111100 1.0
01010010101 1.0
11010001000 1.0
00111011111 1.0
11011101100 1.0
00110110001 1.0
10010011000 1.0
01000001110 1.0
10111110110 1.0
11001011001 1.0
01111110110 1.0
11010000000 1.0
10110001101 1.0
00010100101 1.0
10110111010 1.0
00010010011 1.0
01001000101 1.0
00100010100 1.0
10011001011 1.0
01011011101 1.0
01110100111 1.0
01000000111 1.0
01001001111 1.0
11010000101 1.0
01100011110 1.0
01011111100 1.0
00011111101 1.0
00010000000 1.0
11011011101 1.0
00010010101 1.0
01101000001 1.0
00101101001 1.0
10110110111 1.0
10100101100 1.0
10100110100 1.0
01011100111 1.0
10110111111 1.0
10111101111 1.0
10101011110 1.0
00000001110 1.0
01100000000 1.0
01011010101 1.0
11010100011 1.0
00111001000 1.0
11101010100 1.0
11111001011 1.0
00101001011 1.0
00001100010 1.0
11111000010 1.0
01100110001 1.0
11011110011 1.0
10101011010 1.0
00111111011 1.0
00011010011 1.0
10110111010 1.0
01000001111 1.0
10100010000 1.0
11011110001 1.0
10110011000 1.0
11111010101 1.0
10011011010 1.0
11000100011 1.0
00001110110 1.0
01110000111 1.0
01011000001 1.0
11001011110 1.0
01011100101 1.0
00010100110 1.0
00011001111 1.0
10111101110 1.0
01100101110 1.0
00010010111 1.0
00010000001 1.0
10011100001 1.0
01010000111 1.0
00111000101 1.0
01100011100 1.0
11000011011 1.0
10000111100 1.0
11110011000 1.0
10011001011 1.0
00010100100 1.0
01000000000 1.0
01111011100 1.0
11000100100 1.0
10010110010 1.0
01000001101 1.0
10110011010 1.0
10010100101 1.0
11010001001 1.0
11111010001 1.0
00011100111 1.0
11100111011 1.0
10101001101 1.0
00000001110 1.0
11001111010 1.0
01100100111 1.0
00110011011 1.0
00010110101 1.0
01101011110 1.0
00100101100 1.0
11010111001 1.0
11100001011 1.0
01000110001 1.0
10011110111 1.0
00010100011 1.0
00011001001 1.0
01001111001 1.0
01001101111 1.0
00011110001 1.0
00101011011 1.0
11110100100 1.0
01111011101 1.0
01110100001 1.0
11101111111 1.0
00110100011 1.0
10110110110 1.0
01000000111 1.0
00001011110 1.0
00100110111 1.0
01101001011 1.0
00010100001 1.0
00010100000 1.0
01001100110 1.0
01011110110 1.0
01101101000 1.0
00010011001 1.0
01011000001 1.0
00010110100 1.0
11011111011 1.0
11010001001 1.0
11100100101 1.0
10111110100 1.0
00000101110 1.0
10110100000 1.0
10011001001 1.0
00001111111 1.0
00111110101 1.0
11100011011 1.0
11011011001 1.0
00111011000 1.0
10010110111 1.0
01100110100 1.0
10101111100 1.0
10010000100 1.0
10000101100 1.0
11101001001 1.0
10101111110 1.0
11101010111 1.0
01001010110 1.0
11010110100 1.0
10110110001 1.0
00010100000 1.0
10001011010 1.0
11100011110 1.0
11011100111 1.0
00001110011 1.0
10111011000 1.0
11010100001 1.0
00110100000 1.0
00101011110 1.0
00001010101 1.0
10111100001 1.0
11010011010 1.0
11010001000 1.0
10011011110 1.0
00011000001 1.0
01110100101 1.0
11011000001 1.0
00101011000 1.0
00111110101 1.0
10101011110 1.0
00111011100 1.0
00011110111 1.0
10100100101 1.0
11010010000 1.0
00001100111 1.0
11011010100 1.0
00101011110 1.0
11111100101 1.0
00111010001 1.0
11011010000 1.0
11100001001 1.0
00110000001 1.0
00100001000 1.0
00101010101 1.0
11101001011 1.0
10100111010 1.0
01010100000 1.0
01100000101 1.0
00011101000 1.0
11101001110 1.0
00010010110 1.0
11010111010 1.0
01000100111 1.0
00100101110 1.0
00010010100 1.0
00111001001 1.0
11100100101 1.0
01010110110 1.0
10100100110 1.0
01001010101 1.0
10100011010 1.0
01010000010 1.0
00001111100 1.0
00000010101 1.0
01101001100 1.0
10110011001 1.0
11101011110 1.0
01101111110 1.0
00010000001 1.0
10100101010 1.0
10110110000 1.0
01000011001 1.0
01100100011 1.0
00010000001 1.0
01101010010 1.0
11100100110 1.0
11101001000 1.0
11010001001 1.0
01011000001 1.0
11110001001 1.0
11011010001 1.0
00011000000 1.0
01011010001 1.0
01011010011 1.0
01101000111 1.0
00100110110 1.0
01101011001 1.0
00110011110 1.0
11100111110 1.0
10100111101 1.0
10011111001 1.0
11101111100 1.0
10010100000 1.0
00100011111 1.0
01010100111 1.0
00101011101 1.0
00010000101 1.0
11111100010 1.0
10111000001 1.0
00111110101 1.0
00101010110 1.0
00010010001 1.0
10100011110 1.0
10111111110 1.0
11000011101 1.0
10100011110 1.0
11111001000 1.0
11101000100 1.0
11110100100 1.0
10000000111 1.0
00111011000 1.0
00111011111 1.0
01001001111 1.0
01010110111 1.0
01001100111 1.0
00000010100 1.0
11101110001 1.0
11111100001 1.0
11001111111 1.0
10110011011 1.0
00101001100 1.0
10110100011 1.0
01100001010 1.0
00111101110 1.0
00111010100 1.0
01010010000 1.0
10010011001 1.0
01001001011 1.0
01110011000 1.0
10110111000 1.0
00110101101 1.0
11111110011 1.0
10101011110 1.0
11100011110 1.0
00100001001 1.0
00100011111 1.0
00100101110 1.0
00100011100 1.0
11010110110 1.0
11111100001 1.0
00001011101 1.0
00011010011 1.0
01011010001 1.0
11101010100 1.0
11100011100 1.0
11010000101 1.0
00100100111 1.0
11010000000 1.0
00101011111 1.0
01110001000 1.0
01001100101 1.0
10100001100 1.0
10011011100 1.0
00100101110 1.0
00011100011 1.0
10010000001 1.0
00100101101 1.0
11110011000 1.0
01000001011 1.0
00010010110 1.0
10001101001 1.0
01001001111 1.0
00010001000 1.0
00000001100 1.0
11110001011 1.0
00110100011 1.0
00010100001 1.0
01001011001 1.0
00010010100 1.0
10010101001 1.0
00011110101 1.0
10110111010 1.0
00011100111 1.0
01001100111 1.0
00000111101 1.0
10010011100 1.0
01110011100 1.0
00000101111 1.0
10010110100 1.0
11100111110 1.0
11001001111 1.0
11100001100 1.0
11111101000 1.0
11100111100 1.0
11011110001 1.0
11110110101 1.0
00011001001 1.0
01010100001 1.0
10101001000 1.0
00001011001 1.0
10011001001 1.0
00101001001 1.0
11101111110 1.0
10011101001 1.0
11000100101 1.0
00100111111 1.0
00011110111 1.0
00110000101 1.0
10011010011 1.0
00010100110 1.0
10110111101 1.0
10100011010 1.0
11010001011 1.0
00110110101 1.0
00010000111 1.0
00011101110 1.0
00000011101 1.0
00100011011 1.0
11001011101 1.0
00011000001 1.0
11110001000 1.0
11100001011 1.0
01001100111 1.0
01001000100 1.0
11111110001 1.0
00100101110 1.0
00101011010 1.0
01000100000 1.0
01101011011 1.0
01000000000 1.0
10101110111 1.0
00111100110 1.0
01100010101 1.0
00110110111 1.0
00100100011 1.0
10110000001 1.0
11101010011 1.0
01110011111 1.0
01011100001 1.0
00011000010 1.0
00110011000 1.0
10110010100 1.0
01001111100 1.0
01001000101 1.0
10100010111 1.0
11010010000 1.0
00010000010 1.0
00100010111 1.0
10011011101 1.0
00110000001 1.0
10110010111 1.0
11001011110 1.0
10001010000 1.0
10101111110 1.0
11011011010 1.0
11010100000 1.0
01100111010 1.0
00110011000 1.0
00111011000 1.0
11010100101 1.0
10100011110 1.0
00100011100 1.0
01101011110 1.0
01011001011 1.0
00101110110 1.0
00010100101 1.0
11001010111 1.0
01001110110 1.0
11011001111 1.0
11011001001 1.0
10000001100 1.0
00010001001 1.0
11111010101 1.0
00101011011 1.0
01110100001 1.0
00010111000 1.0
10100001010 1.0
10110101001 1.0
00000100101 1.0
11010010001 1.0
00111010011 1.0
10110011011 1.0
01001100001 1.0
11010010000 1.0
11111011001 1.0
10011110111 1.0
11011010000 1.0
00011100001 1.0
10100111111 1.0
00110101011 1.0
01001100111 1.0
10101100011 1.0
11110011010 1.0
01011000001 1.0
00101110110 1.0
01100011110 1.0
11001001001 1.0
00111011010 1.0
01010100101 1.0
00000100101 1.0
11011010101 1.0
00010001001 1.0
10010100001 1.0
01010000001 1.0
11011010100 1.0
00100101111 1.0
11100101100 1.0
11011100011 1.0
11110001101 1.0
10011011001 1.0
01001001001 1.0
11011110100 1.0
10100100010 1.0
11010000001 1.0
00100001010 1.0
10110111100 1.0
10111101010 1.0
11001101111 1.0
11100010110 1.0
11010011101 1.0
01111001001 1.0
10011011101 1.0
00100110000 1.0
11101111110 1.0
11100111110 1.0
00111111010 1.0
01010010110 1.0
10001011001 1.0
01100101101 1.0
11010001011 1.0
00100001001 1.0
11100101100 1.0
10100111110 1.0
11011010001 1.0
01110011100 1.0
10101101101 1.0
01010100000 1.0
00000001011 1.0
01110000110 1.0
00010101110 1.0
11000001101 1.0
10110100101 1.0
01111001011 1.0
00010100110 1.0
00010000001 1.0
11110010011 1.0
11011010000 1.0
11010011001 1.0
10001101110 1.0
01010101011 1.0
01101101100 1.0
01101100001 1.0
01110100101 1.0
01000000101 1.0
00011011100 1.0
00100111010 1.0
10000110001 1.0
11011001001 1.0
10101010101 1.0
10101111001 1.0
11100001010 1.0
01001100001 1.0
11011010111 1.0
10101111110 1.0
00011100111 1.0
00010101110 1.0
01111011100 1.0
10110111101 1.0
11110000001 1.0
11010010111 1.0
01100100100 1.0
00100101110 1.0
00100111001 1.0
00010000100 1.0
01000110111 1.0
01110110111 1.0
01001000001 1.0
11010001000 1.0
00111000000 1.0
00111010000 1.0
01101011111 1.0
01011100000 1.0
10111011000 1.0
11110010001 1.0
10000011100 1.0
00110011011 1.0
00110001110 1.0
11010001001 1.0
10011110010 1.0
11100101100 1.0
00010110101 1.0
01101100100 1.0
00100011100 1.0
10101111111 1.0
00110000101 1.0
01000010110 1.0
11110000100 1.0
10101111101 1.0
11110000100 1.0
00101111110 1.0
01001110011 1.0
10110111100 1.0
10010000100 1.0
00011000110 1.0
01011110101 1.0
11011010001 1.0
10110100111 1.0
10100111100 1.0
00110001110 1.0
11011101001 1.0
00001100000 1.0
11001001100 1.0
01101100110 1.0
00011010111 1.0
01000010001 1.0
11110010001 1.0
01111100011 1.0
00101111110 1.0
11110100011 1.0
10110100100 1.0
00011001101 1.0
11110000000 1.0
10110011000 1.0
11000010011 1.0
11000001001 1.0
10101011111 1.0
10001011011 1.0
00011101001 1.0
00111011110 1.0
11101011000 1.0
10101011000 1.0
00011000101 1.0
00101011000 1.0
11101010110 1.0
00100011110 1.0
10111111100 1.0
10111011000 1.0
01101001110 1.0
01000001111 1.0
01011100000 1.0
10010000011 1.0
01100101011 1.0
11101100011 1.0
00111001001 1.0
01011100001 1.0
00111001111 1.0
00101001001 1.0
01111010011 1.0
00011001110 1.0
10111111001 1.0
11000100110 1.0
00110011011 1.0
01001001000 1.0
10101011110 1.0
00100001111 1.0
00111000110 1.0
11111011001 1.0
11010000101 1.0
10111111100 1.0
00011111101 1.0
00111111001 1.0
00111010100 1.0
11010100101 1.0
10111011010 1.0
00001101010 1.0
10110100110 1.0
00100010110 1.0
11010100001 1.0
01101011001 1.0
01000000101 1.0
00001110110 1.0
11101100101 1.0
01100100011 1.0
01100110110 1.0
01001011110 1.0
01010001001 1.0
00101000101 1.0
11000001101 1.0
00101011110 1.0
01010001101 1.0
10010111011 1.0
10100110001 1.0
01001010101 1.0
10111011010 1.0
00010100110 1.0
00001001010 1.0
11101011111 1.0
01000001001 1.0
01100101100 1.0
10100111111 1.0
11010001110 1.0
00111100111 1.0
10001101110 1.0
11101100101 1.0
01010010001 1.0
10001011010 1.0
00000100011 1.0
01011100011 1.0
00001011000 1.0
01110111100 1.0
00110010001 1.0
00111011010 1.0
00001011110 1.0
11010010001 1.0
01010110101 1.0
11000000010 1.0
00010011110 1.0
01001000111 1.0
10010100011 1.0
00011110001 1.0
00010001011 1.0
00101101101 1.0
10110001000 1.0
00010010110 1.0
11100011100 1.0
01010011001 1.0
11001011001 1.0
01011000011 1.0
01000000011 1.0
10011010101 1.0
00111011111 1.0
00110100110 1.0
00010000000 1.0
10100111100 1.0
10110110000 1.0
00111010011 1.0
00111011110 1.0
00000111111 1.0
10111011101 1.0
11101100100 1.0
00100010110 1.0
00011000000 1.0
01001000001 1.0
00010000011 1.0
10111011101 1.0
11011100001 1.0
01010000101 1.0
00010101100 1.0
01011010111 1.0
00110001001 1.0
11010011011 1.0
00011000010 1.0
10111011001 1.0
10010111100 1.0
11100110110 1.0
11110111100 1.0
10001011100 1.0
11010011000 1.0
01100001110 1.0
11101011010 1.0
11101001001 1.0
11011100001 1.0
10110010101 1.0
11000011011 1.0
11100001111 1.0
00001100111 1.0
01100011100 1.0
00011110011 1.0
11111011110 1.0
11001100001 1.0
01011010110 1.0
10010100110 1.0
00011000011 1.0
00101001010 1.0
11010000001 1.0
10000101010 1.0
10100111101 1.0
00001111010 1.0
10110000101 1.0
00100011111 1.0
00000100000 1.0
10111111110 1.0
10010000001 1.0
00001001100 1.0
00000011001 1.0
10110100011 1.0
00000101111 1.0
00010110101 1.0
00100100111 1.0
01101110101 1.0
11010100110 1.0
00111110011 1.0
11100110100 1.0
01110000101 1.0
00101110110 1.0
01010000001 1.0
00001110110 1.0
10110110100 1.0
11110101110 1.0
11001010001 1.0
11001110001 1.0
11010001101 1.0
01000010101 1.0
11111011000 1.0
10111110100 1.0
10001111100 1.0
11100011110 1.0
01110100011 1.0
11111011011 1.0
10010101000 1.0
10001011101 1.0
01011000101 1.0
01110010110 1.0
11111011010 1.0
01010001111 1.0
00010101100 1.0
01010011101 1.0
10101110010 1.0
11111110011 1.0
10011100101 1.0
01011000001 1.0
01100100111 1.0
01101000011 1.0
00011001001 1.0
11101011011 1.0
10010110110 1.0
00110110110 1.0
00001100001 1.0
11101100011 1.0
00001111111 1.0
10101011100 1.0
11000010011 1.0
00010001001 1.0
00101101111 1.0
00101011100 1.0
11100101010 1.0
00111010010 1.0
01110000110 1.0
11111010001 1.0
00111001010 1.0
10110111010 1.0
00100010111 1.0
00101111111 1.0
10011001011 1.0
10100011110 1.0
11010011001 1.0
01110001100 1.0
10101011001 1.0
10001001011 1.0
11011010000 1.0
11110101111 1.0
00001011000 1.0
00111011100 1.0
00101010100 1.0
00010100101 1.0
10110111101 1.0
01000100101 1.0
00110111110 1.0
10001101100 1.0
11001011001 1.0
11001010101 1.0
00111010011 1.0
00100110110 1.0
01100001111 1.0
00111001010 1.0
01001011101 1.0
01110100001 1.0
11010000001 1.0
10111101011 1.0
01011010111 1.0
00000100101 1.0
00010100001 1.0
00111011000 1.0
11110111110 1.0
01001100100 1.0
01100010101 1.0
00010100101 1.0
00000010100 1.0
00010000100 1.0
00110111100 1.0
11100000100 1.0
00110011011 1.0
10101111110 1.0
10100110100 1.0
11110011011 1.0
10010100111 1.0
11110111001 1.0
11100101110 1.0
00010100101 1.0
00111011001 1.0
11101111111 1.0
01000010100 1.0
10110110001 1.0
01101100111 1.0
11100011110 1.0
00100001111 1.0
00110001001 1.0
11011111101 1.0
10011111001 1.0
11110010001 1.0
01011111011 1.0
11110001111 1.0
00110000011 1.0
00010100101 1.0
11000100101 1.0
00111011011 1.0
01010110111 1.0
01100011000 1.0
00101100101 1.0
11111110010 1.0
10110011010 1.0
00011011010 1.0
00100011100 1.0
01110001101 1.0
11111110001 1.0
01011100001 1.0
11001000011 1.0
11101010111 1.0
00011011000 1.0
00000101111 1.0
01001001011 1.0
01101011111 1.0
10111001101 1.0
01111100111 1.0
00011011011 1.0
11110001011 1.0
11001010001 1.0
11011110001 1.0
11111111000 1.0
01111011110 1.0
11001001100 1.0
10101011111 1.0
11010000101 1.0
01100110110 1.0
00101011110 1.0
11011110101 1.0
00000001000 1.0
00010011000 1.0
00000011110 1.0
11010101101 1.0
11100011100 1.0
10111110010 1.0
01001011110 1.0
01011000001 1.0
00100111101 1.0
10000111110 1.0
00111000001 1.0
01010110111 1.0
00101110000 1.0
01001100101 1.0
00000011011 1.0
10011001000 1.0
10011101101 1.0
10011011000 1.0
10100011111 1.0
01000100001 1.0
01000011111 1.0
00111011110 1.0
10110110110 1.0
00100011100 1.0
01000100111 1.0
01110110101 1.0
10011000001 1.0
11111101110 1.0
01001001111 1.0
11100010010 1.0
00011100011 1.0
10110010001 1.0
00111010000 1.0
00110011010 1.0
00001011111 1.0
11100101110 1.0
10010111000 1.0
00110011100 1.0
10011011010 1.0
10101011110 1.0
01111011100 1.0
01010110001 1.0
10010011111 1.0
10000001001 1.0
00100001010 1.0
10110000000 1.0
11011101001 1.0
00001011011 1.0
00111100001 1.0
01100010011 1.0
00110011101 1.0
10100110100 1.0
01011010001 1.0
10101011100 1.0
11010011101 1.0
11011100000 1.0
00011001010 1.0
00001010100 1.0
10010011000 1.0
01001000001 1.0
11100010000 1.0
11011000001 1.0
01010100101 1.0
01101110110 1.0
00111101001 1.0
01011000111 1.0
11111001101 1.0
10101010010 1.0
11010000101 1.0
11000100101 1.0
00111011011 1.0
01001011111 1.0
10100110110 1.0
01010111101 1.0
11011000000 1.0
10111000001 1.0
01000110111 1.0
00011100011 1.0
00011010111 1.0
00100001111 1.0
00011110001 1.0
01011000001 1.0
00010100011 1.0
10101001001 1.0
00101001010 1.0
01101011110 1.0
01010100000 1.0
00010101001 1.0
11011011100 1.0
11000000001 1.0
11000001101 1.0
01100010010 1.0
10110011010 1.0
10111111101 1.0
00010100111 1.0
01010010000 1.0
11100100001 1.0
00011101111 1.0
11110001101 1.0
00111011000 1.0
10111110111 1.0
01101011111 1.0
00011010111 1.0
11001001001 1.0
11000000101 1.0
11010100101 1.0
10010011101 1.0
00111010011 1.0
11000010100 1.0
11011000100 1.0
11101101011 1.0
00011010011 1.0
00100111010 1.0
11100100000 1.0
10011100011 1.0
00000101101 1.0
10011011011 1.0
00000000011 1.0
11011011011 1.0
01100001110 1.0
00100001110 1.0
11000110111 1.0
11111110011 1.0
01010000101 1.0
01011001001 1.0
10010100011 1.0
00001110000 1.0
00010010001 1.0
10011001001 1.0
10100111110 1.0
01001001111 1.0
00010101110 1.0
10010010100 1.0
10110100101 1.0
10100101111 1.0
00110011100 1.0
11110111100 1.0
10110110101 1.0
01110001001 1.0
01011100001 1.0
11101001000 1.0
00010101011 1.0
10110011001 1.0
00010010111 1.0
00110101110 1.0
10000001100 1.0
11010001101 1.0
11000001001 1.0
01011100111 1.0
01011011111 1.0
00011110100 1.0
00010011001 1.0
11010100011 1.0
10100011001 1.0
00101011010 1.0
01000011011 1.0
10100100111 1.0
01010100111 1.0
00101001001 1.0
11000100111 1.0
10010100100 1.0
10100100000 1.0
01111000011 1.0
00110010100 1.0
11010100111 1.0
10001111110 1.0
11110110101 1.0
10100101100 1.0
11100011101 1.0
01001000010 1.0
00111011110 1.0
11011100101 1.0
11001100101 1.0
00110100111 1.0
00000001011 1.0
00110010111 1.0
00110011001 1.0
00000101001 1.0
10110011111 1.0
00110011001 1.0
10001011001 1.0
10011001001 1.0
01100101001 1.0
10111011011 1.0
01110011001 1.0
00110000010 1.0
00101010110 1.0
00000001101 1.0
10011010011 1.0
11100000110 1.0
01101101101 1.0
11111010001 1.0
01000100110 1.0
10111011011 1.0
00000000001 1.0
01101100100 1.0
00011110111 1.0
10110010000 1.0
10111011111 1.0
01001000001 1.0
11011110001 1.0
00010100100 1.0
00010100000 1.0
00000101011 1.0
01110001001 1.0
11001010100 1.0
00111001010 1.0
11010011001 1.0
10111100011 1.0
11011011000 1.0
11001110111 1.0
01000101111 1.0
00001011100 1.0
00101011101 1.0
01011011101 1.0
01010100101 1.0
01010000001 1.0
11011011001 1.0
01011100001 1.0
00010001001 1.0
01010001010 1.0
00101111000 1.0
11011110010 1.0
00001011110 1.0
11010011001 1.0
00100010110 1.0
11001011000 1.0
11010001111 1.0
10101101111 1.0
00001100101 1.0
00011010001 1.0
11100010101 1.0
00101100111 1.0
10011100000 1.0
11010000000 1.0
10101111100 1.0
10110101110 1.0
11110011111 1.0
00101011001 1.0
01111001001 1.0
10000110100 1.0
00111011010 1.0
10100101111 1.0
10101111101 1.0
10110011001 1.0
11011100101 1.0
10001011100 1.0
11100011100 1.0
11100000110 1.0
00011100011 1.0
00010110101 1.0
11011001000 1.0
10010111001 1.0
11100010100 1.0
01011000010 1.0
11011100111 1.0
00101100111 1.0
11011000001 1.0
01011010000 1.0
11010111000 1.0
00101011000 1.0
00111000011 1.0
11000110101 1.0
10111111110 1.0
11111110100 1.0
00101110110 1.0
11001010011 1.0
10101111100 1.0
01010100011 1.0
00010011001 1.0
01101000011 1.0
01011100001 1.0
00011101100 1.0
00010010011 1.0
11100110111 1.0
01101000010 1.0
01010110111 1.0
10010100001 1.0
10110010011 1.0
01101000111 1.0
10100111001 1.0
11010110000 1.0
00001011101 1.0
10110001111 1.0
01010001110 1.0
00100011100 1.0
00010110101 1.0
00011111010 1.0
11011001001 1.0
00100101100 1.0
00110001111 1.0
11100111100 1.0
11101011000 1.0
10100111001 1.0
11110100110 1.0
10110000001 1.0
11100011100 1.0
10111011010 1.0
10111111111 1.0
10101110100 1.0
10001001010 1.0
11011011101 1.0
00101101011 1.0
00010101111 1.0
00000101111 1.0
01101001011 1.0
10011110001 1.0
10100111110 1.0
00011110010 1.0
10010011100 1.0
01100110101 1.0
10101011000 1.0
11011110010 1.0
01011011100 1.0
10100111110 1.0
10111001011 1.0
10110101100 1.0
11010000000 1.0
10111011001 1.0
11000100111 1.0
01100100111 1.0
11100001001 1.0
01100001000 1.0
11101001001 1.0
00010011110 1.0
00011101011 1.0
01110000001 1.0
10100011010 1.0
10100011010 1.0
00100110100 1.0
10111110001 1.0
01001010011 1.0
00101010110 1.0
10010100011 1.0
11110110101 1.0
10101011001 1.0
00010100011 1.0
00111011001 1.0
10010010111 1.0
00000101110 1.0
00011000001 1.0
10010001111 1.0
10010100110 1.0
11110011000 1.0
11110100001 1.0
01010010101 1.0
10111101100 1.0
01001000111 1.0
11101011001 1.0
10111001010 1.0
01011010110 1.0
01010100100 1.0
00110101111 1.0
01100001101 1.0
00010011101 1.0
00011001001 1.0
01011001101 1.0
10110111110 1.0
00100100001 1.0
11011101001 1.0
00100011100 1.0
01001010001 1.0
11100100110 1.0
11100010100 1.0
00101010110 1.0
01011010110 1.0
01110010110 1.0
10100011010 1.0
11111111000 1.0
00110100001 1.0
01010100011 1.0
11100011111 1.0
10110011110 1.0
01010000011 1.0
00001011000 1.0
11101010000 1.0
00111100011 1.0
10110110100 1.0
11101011000 1.0
00010101011 1.0
00010111101 1.0
10000000010 1.0
00001111101 1.0
00110010111 1.0
01010101101 1.0
01100101001 1.0
10000001101 1.0
10100011110 1.0
10010010000 1.0
10100011000 1.0
10001011110 1.0
11010100101 1.0
00010111111 1.0
10101111110 1.0
00000101110 1.0
00010001101 1.0
00010000001 1.0
11101011110 1.0
01110110011 1.0
00110010110 1.0
01010010101 1.0
01000001011 1.0
11100011100 1.0
11010110010 1.0
11010011001 1.0
11001010110 1.0
11100001111 1.0
01010110101 1.0
10101011100 1.0
11011000001 1.0
11110100100 1.0
01001011100 1.0
01101001111 1.0
10101011010 1.0
00110000110 1.0
11100100101 1.0
00101011110 1.0
01100010110 1.0
00101110110 1.0
11100001010 1.0
01011110011 1.0
00011110111 1.0
01001110101 1.0
11111101001 1.0
11101101010 1.0
10100011110 1.0
11100111110 1.0
00001000110 1.0
00011101101 1.0
00011000111 1.0
11010110000 1.0
01001010100 1.0
00110110110 1.0
01011110001 1.0
01011010001 1.0
11111011101 1.0
01010101001 1.0
11010111111 1.0
10111011010 1.0
10110111001 1.0
10011100011 1.0
10001001101 1.0
11001000101 1.0
00001011110 1.0
01011001101 1.0
01101100011 1.0
10110001000 1.0
11100100110 1.0
01111000101 1.0
01111010011 1.0
11101011110 1.0
00100111111 1.0
01010011001 1.0
10110011000 1.0
10110011001 1.0
10100110100 1.0
11000001110 1.0
10101110110 1.0
01001001010 1.0
00110100001 1.0
00010100101 1.0
01001110100 1.0
00011100001 1.0
10111011111 1.0
00111001111 1.0
10010100001 1.0
01010010011 1.0
10101011110 1.0
00101001110 1.0
00111110001 1.0
00100001101 1.0
01100001010 1.0
10010100001 1.0
10110011010 1.0
11101011110 1.0
00111010001 1.0
00011000010 1.0
00110000101 1.0
00010000001 1.0
10101110010 1.0
11110111110 1.0
01000011110 1.0
01010100101 1.0
00110001110 1.0
00000110111 1.0
11001100110 1.0
11110000000 1.0
01000100000 1.0
11000000011 1.0
01100010111 1.0
00011110010 1.0
11000010100 1.0
10100111110 1.0
10111001010 1.0
01011000001 1.0
00010010011 1.0
00111110011 1.0
00100111110 1.0
01100001011 1.0
00100101010 1.0
01010001001 1.0
00011001011 1.0
11100111111 1.0
11001000001 1.0
11010001101 1.0
01000000111 1.0
10110010100 1.0
00110010011 1.0
01010000001 1.0
00110101101 1.0
00011100101 1.0
01100011001 1.0
11011111001 1.0
10010010100 1.0
01011100011 1.0
01010010100 1.0
11001110110 1.0
00110100101 1.0
00100110011 1.0
00001110011 1.0
01010110001 1.0
11000110111 1.0
10100011100 1.0
00001111100 1.0
10001001010 1.0
01101010110 1.0
00010100011 1.0
10110111100 1.0
10101011010 1.0
11101010100 1.0
01011001001 1.0
01011001111 1.0
11101011100 1.0
01011000001 1.0
00010110001 1.0
10110011011 1.0
10011000011 1.0
10100011001 1.0
00111001010 1.0
00011011010 1.0
00110001111 1.0
00010100001 1.0
10001011110 1.0
01101011000 1.0
11001010010 1.0
01000100111 1.0
00000011010 1.0
01011010000 1.0
00111111000 1.0
00010001111 1.0
01100010110 1.0
01011101001 1.0
11000001001 1.0
01000000101 1.0
11100111101 1.0
00011100001 1.0
11100111001 1.0
00000011101 1.0
10110111010 1.0
01101100110 1.0
00100101100 1.0
10111111110 1.0
11001010001 1.0
01101011100 1.0
01010000111 1.0
00001110001 1.0
10101011110 1.0
01101111100 1.0
11100011011 1.0
11001111101 1.0
11101001000 1.0
11101001011 1.0
11011000001 1.0
10110111011 1.0
01011000001 1.0
00111011011 1.0
10110011110 1.0
00100010110 1.0
10101110011 1.0
00101010111 1.0
00100010110 1.0
10110111100 1.0
11101110111 1.0
10001010100 1.0
01011100011 1.0
11001000111 1.0
10101100011 1.0
10100111000 1.0
00101011110 1.0
10100001000 1.0
00000110111 1.0
11111011000 1.0
11010000101 1.0
11101011010 1.0
11010011100 1.0
10010001000 1.0
11010011001 1.0
10010101001 1.0
10011001001 1.0
00111101010 1.0
10110101000 1.0
01101000001 1.0
11000111101 1.0
11111000011 1.0
11011010001 1.0
11010101011 1.0
11010101001 1.0
11000110110 1.0
01001110101 1.0
01010110011 1.0
11010100111 1.0
00011100111 1.0
00010100000 1.0
10111010100 1.0
10110111011 1.0
11111111110 1.0
11100001000 1.0
11011000000 1.0
01101011111 1.0
00001010101 1.0
00011100000 1.0
00010010001 1.0
01001100010 1.0
10110110101 1.0
00010000110 1.0
01010101101 1.0
10111010001 1.0
10101011111 1.0
00100011111 1.0
00100011000 1.0
11011010111 1.0
00100111110 1.0
00110110110 1.0
00000011000 1.0
10101011010 1.0
11110000001 1.0
11100111100 1.0
01001000101 1.0
10111111001 1.0
10111100111 1.0
01011000001 1.0
11000011100 1.0
11010100100 1.0
00010001001 1.0
00110011011 1.0
00110011100 1.0
10110111110 1.0
10101011110 1.0
01100100000 1.0
11001000001 1.0
10011011111 1.0
01001101011 1.0
00110100001 1.0
01011010100 1.0
01010000011 1.0
00011010011 1.0
00111001111 1.0
11011100011 1.0
10100111111 1.0
11001000100 1.0
11000010001 1.0
11000011000 1.0
00101011100 1.0
10011101111 1.0
01001011100 1.0
01111010001 1.0
00001000111 1.0
11101111010 1.0
10100011110 1.0
10110011111 1.0
00000010110 1.0
10101011010 1.0
01110010101 1.0
10100011110 1.0
00010110101 1.0
00101001000 1.0
10010111100 1.0
10010000010 1.0
01001000110 1.0
11100000000 1.0
10000001101 1.0
10101011110 1.0
00010011100 1.0
00010010100 1.0
11111010101 1.0
00011000001 1.0
10011001001 1.0
00100011110 1.0
00101011111 1.0
00000100110 1.0
10011000000 1.0
00110011110 1.0
00100001101 1.0
00100110100 1.0
01000100111 1.0
11010000101 1.0
11101011111 1.0
10011111101 1.0
01011000000 1.0
11101011100 1.0
10000101100 1.0
10001100101 1.0
10100110110 1.0
00110011101 1.0
01001000001 1.0
10101010010 1.0
11011110101 1.0
10100011111 1.0
10011101100 1.0
11100101100 1.0
01100010111 1.0
01011011001 1.0
11101111110 1.0
11011100101 1.0
11100101110 1.0
00010100010 1.0
11100110001 1.0
11001100101 1.0
00010100000 1.0
11111001001 1.0
10110111010 1.0
10001011111 1.0
00101100110 1.0
11011011101 1.0
00011001001 1.0
10010001001 1.0
10110000001 1.0
10101111110 1.0
01101011001 1.0
10010010000 1.0
10010010101 1.0
10100011110 1.0
00011100111 1.0
00011011011 1.0
01011011001 1.0
10100001100 1.0
00100010111 1.0
00010001000 1.0
10111111100 1.0
00011000010 1.0
11000010001 1.0
01011100100 1.0
00101010110 1.0
11000100001 1.0
10011110100 1.0
01010001001 1.0
11001011101 1.0
10101011110 1.0
00010100110 1.0
00111011001 1.0
10000010110 1.0
01011011000 1.0
00010101111 1.0
10101111100 1.0
10010001100 1.0
10100110111 1.0
00011011111 1.0
00111110110 1.0
00011000001 1.0
11001100111 1.0
01001001001 1.0
01010001001 1.0
00001111111 1.0
11000011000 1.0
10101111100 1.0
11011000101 1.0
11101011100 1.0
00001000111 1.0
10010110101 1.0
11111010010 1.0
11110010100 1.0
00110011011 1.0
10110111100 1.0
10100111110 1.0
00111101011 1.0
11001011110 1.0
01101101111 1.0
10101011110 1.0
10111111011 1.0
00100010110 1.0
10100011001 1.0
10110110101 1.0
10110000000 1.0
01110100111 1.0
01010100011 1.0
00111000000 1.0
11111011010 1.0
10011011001 1.0
01010110100 1.0
11001110010 1.0
11111011001 1.0
10101000110 1.0
10011110011 1.0
01010100101 1.0
00000000001 1.0
00010101001 1.0
01101001000 1.0
11000010001 1.0
00100111100 1.0
11011100001 1.0
10100111111 1.0
00100011000 1.0
00101100111 1.0
00101000000 1.0
10010101101 1.0
11010010000 1.0
11010100001 1.0
10111110010 1.0
11110001001 1.0
01100001000 1.0
00010010111 1.0
10010011001 1.0
00111011110 1.0
00001110100 1.0
01010000111 1.0
00101001100 1.0
00110101111 1.0
11101111111 1.0
00011010111 1.0
10010100001 1.0
00010010000 1.0
00001011010 1.0
10010010001 1.0
11001010101 1.0
01010111100 1.0
10110100101 1.0
00001010101 1.0
00111010000 1.0
11011010001 1.0
00011101011 1.0
10110000001 1.0
11111001001 1.0
11101100001 1.0
11001010001 1.0
00001001001 1.0
00101011000 1.0
10110111000 1.0
01110111001 1.0
10110001001 1.0
00111110100 1.0
00011011011 1.0
11110110000 1.0
11100110111 1.0
10011000000 1.0
00100011110 1.0
10110001001 1.0
10011110011 1.0
11011001111 1.0
11011010011 1.0
01011100111 1.0
11000011110 1.0
11010111101 1.0
00110001000 1.0
01100100111 1.0
11100101110 1.0
11101010110 1.0
11010100000 1.0
01011000001 1.0
00110100001 1.0
11001000001 1.0
10010100000 1.0
10010010000 1.0
10011110101 1.0
00100001011 1.0
11101011001 1.0
11001101111 1.0
11010010100 1.0
11100111110 1.0
10111011000 1.0
01100111111 1.0
11011100011 1.0
11101001001 1.0
11000111101 1.0
10011011000 1.0
11011110100 1.0
10100110100 1.0
10111011000 1.0
00000011100 1.0
00100111110 1.0
00100110000 1.0
01010100001 1.0
11000100011 1.0
11101111110 1.0
01010010000 1.0
00001100110 1.0
00010001011 1.0
01101110000 1.0
11001100101 1.0
10111011000 1.0
11111010010 1.0
00101001100 1.0
10100110101 1.0
01011000001 1.0
01001001000 1.0
11111000000 1.0
01110001001 1.0
11011110011 1.0
00100011011 1.0
00001011010 1.0
11101011111 1.0
11100100010 1.0
01111000001 1.0
00001111111 1.0
01001001000 1.0
01111001011 1.0
10110011100 1.0
01101100111 1.0
10111000100 1.0
10001101110 1.0
01101001000 1.0
00010010001 1.0
11111000001 1.0
00001101100 1.0
00101110000 1.0
11001001001 1.0
01001100111 1.0
01111001100 1.0
10101011000 1.0
10101111111 1.0
11110101001 1.0
01001001110 1.0
00010100111 1.0
00110001011 1.0
11001100100 1.0
11010011111 1.0
01100011100 1.0
11111110111 1.0
10010000011 1.0
11011001000 1.0
01001000100 1.0
11111010000 1.0
01101000111 1.0
01111000000 1.0
10110101101 1.0
01010100001 1.0
01110011001 1.0
11110101001 1.0
10111110110 1.0
11000010100 1.0
10100010110 1.0
01101100101 1.0
01101010111 1.0
10100011010 1.0
00100100010 1.0
11011010001 1.0
00010100101 1.0
00010100110 1.0
11100001111 1.0
11001110000 1.0
10110011100 1.0
11010010101 1.0
10111110001 1.0
01001010101 1.0
00010010101 1.0
00111001110 1.0
11000100001 1.0
01010100001 1.0
10000111111 1.0
00101011110 1.0
11110011101 1.0
11011001111 1.0
01011100001 1.0
11010001011 1.0
00100001111 1.0
01101011111 1.0
11111001001 1.0
10101111111 1.0
11011100011 1.0
10110001010 1.0
00100110111 1.0
11101100110 1.0
11001011000 1.0
00111100110 1.0
01101011100 1.0
11100111110 1.0
01011110110 1.0
11100011110 1.0
00010000010 1.0
00010001101 1.0
00010100001 1.0
00101000101 1.0
10101111000 1.0
00110000010 1.0
01100100011 1.0
10111011000 1.0
00011100101 1.0
11100001101 1.0
00011110010 1.0
01011000001 1.0
10110111110 1.0
00100001111 1.0
00101111100 1.0
10110011011 1.0
01100001001 1.0
00010011010 1.0
11100011100 1.0
00100100011 1.0
00001100011 1.0
00001010111 1.0
11101101100 1.0
11110101000 1.0
00010100011 1.0
11101011000 1.0
00011011101 1.0
10011110110 1.0
00000100101 1.0
11011100001 1.0
11000101011 1.0
00101011110 1.0
00111011110 1.0
10011111001 1.0
11000001111 1.0
00110000010 1.0
10111111001 1.0
00011110001 1.0
00010100100 1.0
00010110101 1.0
00011000111 1.0
00111110101 1.0
11010010100 1.0
10100111110 1.0
11011100011 1.0
10111011101 1.0
00110001110 1.0
10011011000 1.0
00100100100 1.0
10010000101 1.0
00000011111 1.0
01011000101 1.0
00110101101 1.0
11001011000 1.0
00110010001 1.0
01011011001 1.0
10110101001 1.0
11010100111 1.0
10101011000 1.0
10101110110 1.0
10010100100 1.0
11100011000 1.0
11011010000 1.0
10010010101 1.0
01101011100 1.0
01011000011 1.0
11010010000 1.0
11100001111 1.0
10110010010 1.0
10110111101 1.0
10101010110 1.0
00011000011 1.0
00100001110 1.0
00011000010 1.0
11010001111 1.0
11111101111 1.0
01001100011 1.0
10101111111 1.0
00010011100 1.0
00011011000 1.0
11001000011 1.0
11100011110 1.0
01100100110 1.0
00111001001 1.0
00011000001 1.0
10011000101 1.0
01000011110 1.0
00011100111 1.0
10110011000 1.0
11100101100 1.0
00111111110 1.0
01001010000 1.0
11101011110 1.0
01101001001 1.0
11111001001 1.0
00011101001 1.0
10110111101 1.0
10111101101 1.0
01100101101 1.0
00011011110 1.0
11000100101 1.0
00010110110 1.0
00011000001 1.0
00101101110 1.0
00010101101 1.0
10101011110 1.0
00010000100 1.0
10111110011 1.0
10100100110 1.0
11110010000 1.0
00110000110 1.0
10001011010 1.0
10010111010 1.0
01010100010 1.0
10110100111 1.0
11111001000 1.0
10011101001 1.0
00010110001 1.0
10010011001 1.0
11101011100 1.0
00000000101 1.0
10001100111 1.0
01111011110 1.0
11111110011 1.0
11000001101 1.0
11111010000 1.0
00010000110 1.0
10010011001 1.0
00010000001 1.0
10011011001 1.0
11110011000 1.0
00000111111 1.0
11100011001 1.0
10100011001 1.0
01001001101 1.0
01001010110 1.0
10111011000 1.0
11001001001 1.0
10101011110 1.0
00101101110 1.0
10111101000 1.0
10101000001 1.0
01001101011 1.0
01100010110 1.0
10100011111 1.0
01011100001 1.0
01101101011 1.0
10001101101 1.0
01010100101 1.0
10010110111 1.0
00011000011 1.0
11100111110 1.0
10101010110 1.0
11011010001 1.0
01011000001 1.0
01011000010 1.0
10011110000 1.0
10110100101 1.0
01100100111 1.0
10011100001 1.0
00010100101 1.0
10111011110 1.0
11000101110 1.0
01110000000 1.0
11011100001 1.0
10101101111 1.0
10001011110 1.0
10110111101 1.0
10011001001 1.0
00011000011 1.0
00011100001 1.0
01010000011 1.0
10110011001 1.0
11101011111 1.0
01111011101 1.0
00110110101 1.0
00010111001 1.0
00110100101 1.0
11011011010 1.0
11001111111 1.0
11001001100 1.0
00110100111 1.0
01001000001 1.0
00011100100 1.0
00100011011 1.0
10000101000 1.0
01100010111 1.0
11101101110 1.0
11010011010 1.0
00010110000 1.0
10110010100 1.0
00101111100 1.0
01011001001 1.0
01011000101 1.0
11000100110 1.0
11100101001 1.0
10110101101 1.0
00011111111 1.0
10011000000 1.0
11000100100 1.0
10001011000 1.0
11101011001 1.0
11110000001 1.0
01101011010 1.0
00011101101 1.0
01110110001 1.0
11010000001 1.0
10010100010 1.0
10110100101 1.0
10101011010 1.0
00010110001 1.0
11110110101 1.0
11010000001 1.0
10011001001 1.0
00101000110 1.0
00100000100 1.0
10100101111 1.0
00011000110 1.0
10111011001 1.0
11001100110 1.0
01010110001 1.0
01000111111 1.0
00100011001 1.0
01101000010 1.0
11010011001 1.0
11011011001 1.0
00100100011 1.0
00010000001 1.0
01010100011 1.0
10101011110 1.0
10101011011 1.0
01001110101 1.0
00111011000 1.0
10100101101 1.0
10111011000 1.0
00100110110 1.0
00100110001 1.0
11110110000 1.0
00010100111 1.0
01100001111 1.0
10101000010 1.0
00010011111 1.0
00010100111 1.0
00000011101 1.0
01001000001 1.0
11010010101 1.0
10000011000 1.0
10101111010 1.0
01011010101 1.0
11100110110 1.0
00111001101 1.0
00011111001 1.0
01011000010 1.0
01011000000 1.0
10011111110 1.0
10100011010 1.0
11101000100 1.0
00111010010 1.0
10010110010 1.0
00110001111 1.0
11111010111 1.0
11110001001 1.0
11000011001 1.0
01001000001 1.0
11001100100 1.0
01111000111 1.0
01011010001 1.0
10010101001 1.0
10110011110 1.0
10001101111 1.0
11111101100 1.0
10111011110 1.0
11011010000 1.0
00000100101 1.0
00111010001 1.0
01110110001 1.0
10111101101 1.0
00011010110 1.0
11000110010 1.0
00100000010 1.0
01110101011 1.0
00010011001 1.0
11000100111 1.0
00011011010 1.0
11110101000 1.0
11010100010 1.0
01100011110 1.0
01011000101 1.0
01001100100 1.0
11010001000 1.0
11010010111 1.0
00110110101 1.0
10100111100 1.0
00001110111 1.0
10011011110 1.0
11100011001 1.0
00100111110 1.0
10010011101 1.0
11011011100 1.0
11001100101 1.0
00100011110 1.0
01000000001 1.0
10010001101 1.0
10100101110 1.0
01011000001 1.0
01000000111 1.0
01011110001 1.0
11010100001 1.0
10011001101 1.0
00101001110 1.0
00011110010 1.0
11100001010 1.0
10101011000 1.0
00111001100 1.0
00111011100 1.0
10111000001 1.0
00001111111 1.0
11100011111 1.0
01000000101 1.0
01110001101 1.0
11001011000 1.0
11101010010 1.0
00011011111 1.0
00101010000 1.0
00111000101 1.0
01110000101 1.0
01010000101 1.0
00001100100 1.0
00111111010 1.0
01010010100 1.0
00010010011 1.0
10001100111 1.0
10111111100 1.0
00111001111 1.0
10110011110 1.0
01111010001 1.0
10111111110 1.0
11111100111 1.0
10011000101 1.0
01000110001 1.0
00111001110 1.0
11100100000 1.0
10101010110 1.0
00100110010 1.0
01010000001 1.0
10110110000 1.0
11001101001 1.0
01001011111 1.0
00000010110 1.0
11110001110 1.0
11110111001 1.0
00100011110 1.0
00000001101 1.0
00011000110 1.0
11100100101 1.0
11110011101 1.0
01011000111 1.0
11100111011 1.0
11111001000 1.0
00010011010 1.0
00001001110 1.0
11011101001 1.0
00101011110 1.0
00001100110 1.0
00101011010 1.0
00001011000 1.0
10111010110 1.0
00100101111 1.0
11110110000 1.0
10101011011 1.0
01110001111 1.0
11100111100 1.0
11101001100 1.0
00111010100 1.0
10110011001 1.0
11101011001 1.0
00100111100 1.0
00100111110 1.0
00110001011 1.0
00110100101 1.0
00110100110 1.0
11011001000 1.0
00111010100 1.0
10111010100 1.0
11100010110 1.0
01011000001 1.0
10010000001 1.0
10101011010 1.0
10010001101 1.0
10010110110 1.0
00101111111 1.0
10011001011 1.0
00110101011 1.0
00010100001 1.0
11000001001 1.0
00011100001 1.0
10010110110 1.0
10100001101 1.0
00100111111 1.0
11110100000 1.0
01100110101 1.0
10110100011 1.0
00110011110 1.0
11010000001 1.0
01001001001 1.0
00110001001 1.0
01010000001 1.0
11100110110 1.0
10110100011 1.0
00101111111 1.0
01101010111 1.0
00011110101 1.0
10111111011 1.0
11100101001 1.0
01100011110 1.0
01011100011 1.0
01000001100 1.0
01101011100 1.0
10100111000 1.0
11000010111 1.0
10100011000 1.0
11100001000 1.0
00100011110 1.0
00000111110 1.0
00110011010 1.0
11000101101 1.0
11010001011 1.0
10110110101 1.0
10011011101 1.0
00000011111 1.0
00001110110 1.0
10101110110 1.0
01001000101 1.0
01100011100 1.0
00001011010 1.0
10100011100 1.0
11101110010 1.0
01001100111 1.0
10101111110 1.0
11010101101 1.0
10110101001 1.0
11110011110 1.0
