225
20
X10010XXX11110000100 1.0
011XX000X11110000110 0.5
011XX000X11110000111 0.5
010110X0X01110000110 0.5
010110X1X01110000110 0.5
11111110001110000110 1.0
111110111011XXXXX110 1.0
101XX001111110000110 1.0
1111111X11101010X110 1.0
101110X1111110X000XX 1.0
1111X010XX1110000111 1.0
101XX001111110000110 1.0
101X1011111X101X0110 1.0
11111000011100000110 1.0
01011010111110000010 1.0
11011000011000000000 1.0
1011100011111XXXX110 1.0
1111111X111110000110 1.0
0111111XX11000000X10 1.0
01111100001100000110 1.0
11111110001110000110 1.0
11011000011110000110 1.0
101010001X1110000110 1.0
11111011X11110000111 1.0
11111110001110000110 1.0
0111111XXX1110000110 1.0
01111010011110000110 1.0
1111111X0111100XX001 1.0
X1011010XX1110000110 1.0
01111110010000000110 1.0
101110101111100X0X11 1.0
01111110101100000110 1.0
11111010111110000111 1.0
01011000XX10100000X0 1.0
101110X1111111100X11 0.125
101110X1111111000X11 0.125
101110X1111110100X11 0.125
101110X1111110000X11 0.125
101110X0111110100X11 0.125
101110X0111111000X11 0.125
101110X0111110000X11 0.125
101110X0111111100X11 0.125
01111010011110000110 1.0
000111001X1100000110 1.0
01111010011100000010 1.0
11X1100001X000000010 1.0
01111010011100000010 1.0
1111111X0X1XX0001X00 1.0
11011110011110000111 1.0
01011110001110000110 1.0
0001111XX1111X000110 1.0
0X01101111111X000XXX 1.0
11011110011010000110 1.0
111111X0X11110000110 0.25
111111X0X10110000110 0.25
111101X0X11110000110 0.25
111101X0X10110000110 0.25
11111110X1101X000X10 1.0
011111101110XX000X10 1.0
100110X001111X000X10 1.0
1X011011111110100XX0 1.0
0001101X1111100000X0 1.0
000111101110X0000XXX 1.0
0001111X101XX0000010 1.0
0001101010111X000XXX 1.0
101110101110XX000X10 1.0
11111010111110000110 1.0
11111110001XX0000110 1.0
100110101010X0000XXX 1.0
111011101X1110001111 1.0
01101010011110000110 1.0
01011110111110000111 1.0
00010010X11110000000 0.5
00011010X11110000000 0.5
00011110111000000X0X 1.0
11111010011110000110 1.0
1001101011101000001X 1.0
11111010011110000110 1.0
10X11010001X1000000X 1.0
10111011111110100X10 1.0
10011011011110000XXX 1.0
10011010001110000X0X 1.0
X0011010111010000X10 1.0
1X1110111X1110000111 1.0
10011X10111110000010 1.0
10111110111110000XX0 1.0
0101101X011100000110 1.0
101110100111X0000XX0 1.0
X00110101110X00000XX 1.0
01111111110X10000111 0.5
01111111111X10000111 0.5
11111010111110000111 1.0
01101110000000000111 1.0
11011110XX1110000X1X 1.0
10X110101011100000X0 1.0
10011010111X10000X1X 1.0
00011101111110000110 1.0
01111111111X10000101 1.0
01111010011010000001 1.0
000110000X0000000000 0.5
010110000X0000000000 0.5
10X11010111010000X0X 0.5
10X11010011010000X0X 0.5
011XX010001000000000 1.0
1001101011111000011X 1.0
01011100XX11X0000110 1.0
010XX000001000000000 1.0
11111110111110000011 1.0
111110X0XX1110000X10 1.0
111111100010000001X0 1.0
11100010111000000010 1.0
01011000001110000010 1.0
11111100111110110111 1.0
11111010011110000010 1.0
01011000011110000000 1.0
01011000X11X10000110 1.0
01111110001010000111 0.25
01111110011010000111 0.25
01111110101010000111 0.25
01111110111010000111 0.25
11111110011110000111 1.0
01111110XX1110000111 1.0
00011000011000000000 1.0
01011000011110000110 1.0
01111110011000000000 1.0
01011000011110000110 1.0
010111111110000001X0 1.0
01111111111110000111 0.5
00111111111110000111 0.5
00011110X11110000110 1.0
01111110111110000110 1.0
01011100001000000X10 1.0
11011000001110000000 1.0
01011000011XX0000110 1.0
01011010001010000000 1.0
11111010011110000110 1.0
11111010XX1X10000110 1.0
11011010011110000110 1.0
11011010111110000111 1.0
11X11000010000000111 1.0
11011000011110000111 1.0
11111110001110000111 1.0
00011000011110000110 1.0
11111010111110000110 1.0
01011000011110001110 1.0
11111011111110000010 1.0
1111111X111110000010 1.0
11111000X11110000111 1.0
11111110101110000110 1.0
00011100101000000000 1.0
11111010011100000011 1.0
010X1000001110000000 1.0
11111010011110000100 1.0
11111010011110000110 1.0
11111110011000000000 1.0
01011100000000000110 1.0
11111100011100000110 1.0
11111010011110000110 1.0
01011000011110000000 1.0
11111010111100000010 1.0
111X11XXXX1100000110 1.0
111X001XX11110000111 1.0
11111010111010000111 1.0
01011000011110000110 1.0
01011100000000000000 1.0
11111011111110000110 1.0
10111011111110100111 1.0
11111010111110000111 1.0
01011110XX1000000000 1.0
01011000001110000110 1.0
010110100011X0000111 1.0
01111010111110000111 1.0
0100110XXX1000000000 1.0
111110101111100001X1 1.0
11111010011110000010 1.0
11011000011110000100 1.0
1X111011111XX0000X1X 1.0
111110101110X0000111 1.0
11011110X110X0000110 1.0
01111000011110000010 1.0
10111011111110000110 1.0
111110X1111000000101 1.0
11111110011000000010 1.0
11000000001110000110 1.0
111110XXX11110000X11 1.0
11111000010000000001 1.0
11111000010000000000 1.0
111110X0111110000111 1.0
111111XXXX1110000110 1.0
11111011111110000100 1.0
101110X1XX1110000111 1.0
1111101X11111000X111 1.0
11111111111110000111 1.0
1111101011111000001X 1.0
100000000X0000000001 1.0
111110000X1110000110 1.0
100111100011100001X0 1.0
1X1110XX1111100X0X10 1.0
10011111111110110X10 1.0
10011010011X00000X10 1.0
011111X0X11110000111 1.0
111110100X10X0000011 1.0
101111100X1110000XX1 1.0
111110100X00X0000001 0.5
111110100X10X0000001 0.5
11111010011110000110 1.0
01111010111110000X10 1.0
111XX011111XX0100X10 1.0
01011000001000000000 1.0
01011000011110000010 1.0
01111100001000000110 1.0
01111010011110000110 1.0
10011X11X111X0000110 1.0
11111110X11110000000 1.0
111111100X1110000010 1.0
010110X00111X0001000 1.0
01111101X11110000110 1.0
01010100111100000110 1.0
11111010111110000001 1.0
10111X11111X10100110 1.0
10X11X10111110000X10 1.0
110X100001X000000110 1.0
1111101111111011X111 1.0
11111000011010000XXX 1.0
01111100111110000111 1.0
