455
5
11X11 1.0
10010 1.0
10110 1.0
10XX0 0.5
10XX1 0.5
10110 0.5
10110 0.5
10011 0.25
10011 0.25
10011 0.25
10011 0.25
10110 1.0
10110 1.0
1X110 1.0
10XX0 1.0
00110 1.0
1011X 1.0
10110 1.0
101X1 1.0
10110 1.0
10XX0 1.0
XXX10 1.0
10110 1.0
10110 1.0
00110 1.0
1X110 1.0
11111 0.5
11111 0.5
10110 1.0
10110 1.0
00110 1.0
00000 1.0
10111 1.0
10110 1.0
10110 1.0
10110 0.5
10110 0.5
10110 1.0
10111 1.0
10111 1.0
10110 1.0
10110 1.0
10110 1.0
10110 1.0
10110 1.0
10010 1.0
10111 1.0
10110 1.0
10110 1.0
10110 1.0
10110 1.0
1X111 1.0
10110 1.0
00110 1.0
1X111 1.0
10110 1.0
10111 1.0
00110 1.0
10110 1.0
10111 0.125
10111 0.125
10111 0.125
10111 0.125
10111 0.125
10111 0.125
10111 0.125
10111 0.125
10110 1.0
10110 1.0
10110 1.0
10110 1.0
00110 1.0
00110 1.0
10110 1.0
10110 1.0
10111 1.0
10110 1.0
10111 1.0
10111 1.0
X0110 1.0
10111 1.0
10110 1.0
10111 1.0
10110 1.0
10110 1.0
1011X 1.0
00110 1.0
1011X 1.0
00110 1.0
10110 1.0
0X110 0.25
0X110 0.25
0X110 0.25
0X110 0.25
10110 0.25
10110 0.25
10100 0.25
10100 0.25
10110 0.5
10110 0.5
10110 1.0
00110 1.0
1011X 1.0
00110 1.0
10110 1.0
10110 1.0
10110 1.0
10110 1.0
0011X 1.0
X0110 1.0
X011X 1.0
1011X 1.0
10110 0.25
10110 0.25
10110 0.25
10110 0.25
10111 1.0
1011X 1.0
10110 1.0
00110 1.0
10110 1.0
0011X 1.0
00110 1.0
10110 1.0
10110 1.0
10110 1.0
X0110 1.0
10110 1.0
0011X 1.0
10011 1.0
10010 1.0
10111 1.0
X011X 1.0
00110 1.0
10100 0.5
10110 0.5
X011X 1.0
0011X 1.0
10110 1.0
X010X 1.0
1011X 1.0
0011X 1.0
1011X 1.0
10110 1.0
1011X 1.0
X011X 1.0
1011X 1.0
00110 1.0
10110 1.0
1011X 1.0
1011X 1.0
10110 1.0
00110 1.0
10110 1.0
10110 1.0
10111 1.0
10110 1.0
1011X 1.0
10110 1.0
10110 1.0
10110 1.0
00110 1.0
10110 1.0
X011X 1.0
X011X 1.0
10110 1.0
1011X 1.0
0011X 1.0
10111 1.0
1011X 1.0
00110 1.0
1011X 1.0
1011X 1.0
0011X 1.0
00111 1.0
X0111 0.5
X0111 0.5
101X0 1.0
XX11X 1.0
X011X 1.0
X011X 1.0
001XX 1.0
10111 1.0
10110 1.0
00011 1.0
1011X 1.0
10110 1.0
X011X 1.0
10110 1.0
10001 1.0
X0111 1.0
00111 1.0
1011X 1.0
0011X 1.0
0011X 1.0
00110 0.5
00110 0.5
0011X 0.5
0011X 0.5
00110 1.0
00XX0 1.0
10111 1.0
10111 1.0
1011X 1.0
10110 1.0
00XX0 1.0
00110 1.0
X0110 1.0
10110 1.0
10111 1.0
10110 1.0
10110 1.0
00110 1.0
00000 1.0
10110 1.0
XX110 1.0
10111 1.0
1X111 1.0
11111 1.0
10110 1.0
10110 1.0
X0110 1.0
10110 1.0
10110 1.0
00110 1.0
00111 0.25
00111 0.25
00111 0.25
00111 0.25
10111 1.0
10111 1.0
00110 1.0
10110 1.0
00110 1.0
10110 1.0
10110 1.0
00110 1.0
10110 1.0
10110 1.0
10111 0.5
10111 0.5
10110 1.0
10110 1.0
10110 1.0
10110 1.0
10100 0.5
10110 0.5
00110 1.0
10110 1.0
10110 1.0
X0110 1.0
00110 1.0
10110 1.0
X0110 1.0
10110 1.0
10110 0.5
10110 0.5
10110 1.0
10110 1.0
101X0 1.0
10110 1.0
10111 1.0
00111 1.0
10111 1.0
10111 1.0
10110 1.0
10110 1.0
10100 0.5
00100 0.5
10110 1.0
10110 1.0
10111 1.0
10110 1.0
10110 1.0
00111 1.0
00110 1.0
10111 1.0
10110 1.0
10110 1.0
10110 1.0
10111 1.0
10110 1.0
10110 1.0
00110 1.0
10110 1.0
10111 1.0
10X10 1.0
10X10 1.0
10110 1.0
10111 0.5
10110 0.5
10110 1.0
00111 1.0
10110 1.0
00110 1.0
10110 1.0
10110 1.0
00010 0.125
00000 0.125
00010 0.125
00000 0.125
00100 0.125
00110 0.125
00110 0.125
00100 0.125
10110 1.0
00110 1.0
10111 1.0
10110 1.0
10111 1.0
10111 1.0
10110 1.0
10110 1.0
10110 1.0
10110 1.0
10110 1.0
10X10 1.0
00100 1.0
10X01 1.0
10110 1.0
10110 1.0
00111 1.0
00110 1.0
10111 1.0
10110 1.0
10110 1.0
00110 1.0
10110 1.0
10110 1.0
10111 1.0
10111 1.0
10110 1.0
10111 1.0
10111 1.0
00110 1.0
10111 1.0
10110 1.0
X011X 1.0
10110 1.0
10111 1.0
10111 1.0
10110 1.0
10111 1.0
10111 1.0
10110 1.0
10X11 1.0
00010 1.0
10111 1.0
10110 1.0
10110 1.0
10111 1.0
10110 1.0
X011X 1.0
00111 1.0
10111 1.0
00110 1.0
X0110 1.0
10111 1.0
10110 1.0
10110 1.0
00111 1.0
00110 1.0
10000 1.0
10110 1.0
10111 1.0
00111 1.0
00110 1.0
00110 1.0
10111 1.0
10110 1.0
10110 1.0
10111 1.0
10110 1.0
10111 1.0
10111 1.0
10111 1.0
1011X 1.0
00001 1.0
XX111 1.0
10110 1.0
10110 1.0
10110 1.0
1X110 1.0
00110 1.0
10111 1.0
11110 1.0
X0110 1.0
10111 1.0
X011X 1.0
10110 1.0
10110 1.0
10110 1.0
10111 1.0
10110 1.0
00111 1.0
10111 1.0
1111X 1.0
00111 0.5
00111 0.5
10110 1.0
10110 1.0
X0110 1.0
10110 1.0
X0XX0 1.0
00110 1.0
10110 1.0
10110 1.0
10110 1.0
00110 1.0
00110 1.0
10110 1.0
10110 1.0
10110 1.0
10110 1.0
10110 1.0
10110 1.0
10110 1.0
10110 1.0
10110 1.0
10110 1.0
10100 1.0
10110 1.0
X0110 1.0
10110 1.0
10110 1.0
X0110 1.0
10110 1.0
11110 1.0
001X0 1.0
00111 1.0
X0110 1.0
11111 1.0
10100 1.0
00110 1.0
10111 1.0
X0110 1.0
10110 1.0
00010 1.0
10110 1.0
00X10 1.0
11111 1.0
X0010 1.0
00110 1.0
10X10 0.25
10X10 0.25
10X10 0.25
10X10 0.25
X0X10 1.0
00000 0.5
00000 0.5
00110 1.0
10110 1.0
0011X 1.0
10110 1.0
10111 1.0
