455
5
X1111 1.0
00X10 1.0
10010 1.0
X0X11 0.5
X1X11 0.5
10X11 0.5
10X11 0.5
01010 0.25
01011 0.25
01010 0.25
01011 0.25
10X1X 1.0
10011 1.0
101X1 1.0
X0111 1.0
10111 1.0
1X11X 1.0
100X1 1.0
11X11 1.0
10111 1.0
X0111 1.0
X0111 1.0
10001 1.0
10111 1.0
10000 1.0
10111 1.0
1111X 0.5
1111X 0.5
10111 1.0
10111 1.0
10X01 1.0
00000 1.0
11010 1.0
10001 1.0
10011 1.0
101X1 0.5
101X1 0.5
10011 1.0
11010 1.0
11110 1.0
10111 1.0
10011 1.0
10011 1.0
10010 1.0
10011 1.0
00111 1.0
11X11 1.0
10010 1.0
10011 1.0
10X11 1.0
10011 1.0
11010 1.0
10X11 1.0
10001 1.0
11111 1.0
10101 1.0
11111 1.0
10X1X 1.0
10010 1.0
11111 0.125
11111 0.125
11111 0.125
11111 0.125
11111 0.125
11111 0.125
11111 0.125
11111 0.125
10011 1.0
10010 1.0
10101 1.0
10001 1.0
10011 1.0
10001 1.0
10111 1.0
10X1X 1.0
11111 1.0
10001 1.0
11011 1.0
11111 1.0
100X0 1.0
11011 1.0
10011 1.0
11011 1.0
10000 1.0
10X11 1.0
1X11X 1.0
10011 1.0
1XX1X 1.0
10X10 1.0
10X10 1.0
10110 0.25
10111 0.25
10110 0.25
10111 0.25
10X11 0.25
10X11 0.25
10X11 0.25
10X11 0.25
10110 0.5
10110 0.5
10101 1.0
10X11 1.0
1X01X 1.0
101X1 1.0
10X11 1.0
10011 1.0
1011X 1.0
1011X 1.0
1X1XX 1.0
101X1 1.0
1X1XX 1.0
1X11X 1.0
10011 0.25
10010 0.25
10010 0.25
10011 0.25
11011 1.0
1X11X 1.0
10110 1.0
10011 1.0
10011 1.0
1X011 1.0
101X1 1.0
10111 1.0
10010 1.0
10X10 1.0
100X1 1.0
10010 1.0
1X1XX 1.0
01111 1.0
00011 1.0
11111 1.0
1X1X0 1.0
10000 1.0
10X10 0.5
10X10 0.5
1X110 1.0
1X100 1.0
10011 1.0
1X110 1.0
1X11X 1.0
1X111 1.0
1X1X1 1.0
10011 1.0
1X11X 1.0
1X010 1.0
1X111 1.0
10X00 1.0
10111 1.0
1X01X 1.0
1X010 1.0
10X1X 1.0
10111 1.0
10011 1.0
10010 1.0
11111 1.0
10111 1.0
1X111 1.0
10111 1.0
1011X 1.0
10001 1.0
100XX 1.0
10101 1.0
1X01X 1.0
1X101 1.0
100XX 1.0
1X11X 1.0
1X10X 1.0
11011 1.0
1XX1X 1.0
10000 1.0
1X110 1.0
1X111 1.0
1X1XX 1.0
11001 1.0
11111 0.5
11111 0.5
1011X 1.0
1X111 1.0
1X11X 1.0
1X111 1.0
1X001 1.0
11111 1.0
10X11 1.0
01001 1.0
1XX11 1.0
1011X 1.0
1X111 1.0
10111 1.0
01011 1.0
11110 1.0
11010 1.0
1XX11 1.0
1X1X0 1.0
1X000 1.0
10000 0.5
10000 0.5
1X110 0.5
1X010 0.5
10X01 1.0
X0000 1.0
11X10 1.0
11111 1.0
1X111 1.0
10XX1 1.0
X0000 1.0
10000 1.0
10101 1.0
10010 1.0
11111 1.0
10001 1.0
10X11 1.0
1000X 1.0
00101 1.0
10011 1.0
10111 1.0
11011 1.0
1111X 1.0
11111 1.0
10011 1.0
10010 1.0
10X11 1.0
10001 1.0
10101 1.0
10000 1.0
11011 0.25
11011 0.25
11111 0.25
11111 0.25
11011 1.0
11X11 1.0
10000 1.0
10011 1.0
10000 1.0
10010 1.0
10011 1.0
1010X 1.0
10011 1.0
10011 1.0
11111 0.5
11111 0.5
10111 1.0
10X11 1.0
10X11 1.0
10111 1.0
10010 0.5
10010 0.5
10001 1.0
10010 1.0
10011 1.0
100X1 1.0
10010 1.0
10011 1.0
10X11 1.0
10011 1.0
10110 0.5
10110 0.5
10011 1.0
10001 1.0
101X1 1.0
10010 1.0
11111 1.0
11001 1.0
11011 1.0
11011 1.0
10X1X 1.0
10011 1.0
10100 0.5
10100 0.5
10111 1.0
10011 1.0
11X11 1.0
10011 1.0
10111 1.0
11111 1.0
10101 1.0
110X1 1.0
10111 1.0
10010 1.0
10011 1.0
11X11 1.0
10111 1.0
10X11 1.0
10100 1.0
10010 1.0
11001 1.0
X0010 1.0
X0111 1.0
10111 1.0
11111 0.5
10111 0.5
10010 1.0
11110 1.0
10011 1.0
10000 1.0
10X11 1.0
10011 1.0
00000 0.125
00000 0.125
00000 0.125
00000 0.125
10000 0.125
10000 0.125
10000 0.125
10000 0.125
10011 1.0
10001 1.0
11111 1.0
10001 1.0
11011 1.0
11111 1.0
10011 1.0
10010 1.0
10111 1.0
10011 1.0
10101 1.0
X0X01 1.0
10001 1.0
X1X11 1.0
10111 1.0
10011 1.0
11111 1.0
10000 1.0
11011 1.0
10011 1.0
10011 1.0
10000 1.0
10111 1.0
10X11 1.0
11000 1.0
11111 1.0
10111 1.0
11111 1.0
11111 1.0
10X00 1.0
11011 1.0
10011 1.0
1X111 1.0
10X11 1.0
110X1 1.0
11110 1.0
10011 1.0
11111 1.0
11011 1.0
10010 1.0
X1111 1.0
00X00 1.0
1111X 1.0
10010 1.0
10011 1.0
11110 1.0
10010 1.0
1X1X1 1.0
111X1 1.0
11011 1.0
10XX1 1.0
101X1 1.0
11111 1.0
10011 1.0
10111 1.0
11100 1.0
10001 1.0
00011 1.0
10111 1.0
11X11 1.0
11000 1.0
10010 1.0
10000 1.0
11111 1.0
10X11 1.0
10011 1.0
11111 1.0
10110 1.0
11X11 1.0
11111 1.0
11111 1.0
1X111 1.0
01000 1.0
11101 1.0
10111 1.0
10011 1.0
1001X 1.0
10111 1.0
1000X 1.0
11X11 1.0
10111 1.0
10001 1.0
11X11 1.0
1XX11 1.0
10011 1.0
10111 1.0
10111 1.0
11111 1.0
10X11 1.0
110X1 1.0
1101X 1.0
1X111 1.0
110X0 0.5
110X0 0.5
10011 1.0
10111 1.0
10XX0 1.0
10101 1.0
X01X1 1.0
10000 1.0
10011 1.0
10011 1.0
10011 1.0
100X1 1.0
10001 1.0
10011 1.0
10110 1.0
10XX1 1.0
10110 1.0
10010 1.0
10001 1.0
10111 1.0
10011 1.0
10X10 1.0
10011 1.0
10011 1.0
100X0 1.0
10011 1.0
10010 1.0
10011 1.0
10XX1 1.0
10X11 1.0
10111 1.0
10X00 1.0
11111 1.0
10111 1.0
11111 1.0
10101 1.0
10001 1.0
11110 1.0
10111 1.0
10111 1.0
000XX 1.0
10111 1.0
X0001 1.0
11111 1.0
00001 1.0
100X1 1.0
X0011 0.25
X0011 0.25
X0011 0.25
X0011 0.25
X0001 1.0
00000 0.5
00000 0.5
10001 1.0
10010 1.0
1X01X 1.0
10011 1.0
11111 1.0
