455
5
11111 1.0
X0000 1.0
00000 1.0
X0010 0.5
X0011 0.5
X0010 0.5
X0010 0.5
00001 0.25
00011 0.25
00001 0.25
00011 0.25
X00X0 1.0
00010 1.0
1XX10 1.0
10010 1.0
10110 1.0
10XXX 1.0
00010 1.0
X0011 1.0
10010 1.0
10010 1.0
1X110 1.0
00010 1.0
10010 1.0
00000 1.0
1XX10 1.0
111X1 0.5
111X1 0.5
10010 1.0
10010 1.0
X0010 1.0
00000 1.0
00001 1.0
00010 1.0
00010 1.0
10010 0.5
10010 0.5
00010 1.0
00001 1.0
10001 1.0
10010 1.0
00010 1.0
00010 1.0
00000 1.0
00010 1.0
10010 1.0
X0011 1.0
00000 1.0
00010 1.0
X0010 1.0
00010 1.0
0X001 1.0
X0010 1.0
00010 1.0
1X011 1.0
10010 1.0
10011 1.0
X00X0 1.0
00000 1.0
10111 0.125
10011 0.125
10111 0.125
10011 0.125
10111 0.125
10011 0.125
10011 0.125
10111 0.125
00010 1.0
00000 1.0
10010 1.0
00010 1.0
00010 1.0
00010 1.0
10010 1.0
X00X0 1.0
10011 1.0
00010 1.0
00011 1.0
10011 1.0
00000 1.0
00011 1.0
00010 1.0
00011 1.0
00000 1.0
X0010 1.0
100XX 1.0
00010 1.0
X00XX 1.0
X0000 1.0
X0000 1.0
1XX00 0.25
1XX10 0.25
1XX00 0.25
1XX10 0.25
X0010 0.25
X0010 0.25
X0010 0.25
X0010 0.25
10000 0.5
10000 0.5
10010 1.0
X0010 1.0
000XX 1.0
10010 1.0
X0010 1.0
00010 1.0
101X0 1.0
100X0 1.0
100XX 1.0
10010 1.0
100XX 1.0
100XX 1.0
00010 0.25
00000 0.25
00000 0.25
00010 0.25
00011 1.0
100XX 1.0
10000 1.0
00010 1.0
00010 1.0
0001X 1.0
10010 1.0
10010 1.0
00000 1.0
X0000 1.0
00010 1.0
00000 1.0
100XX 1.0
10011 1.0
00010 1.0
10011 1.0
1000X 1.0
00000 1.0
X0000 0.5
X0000 0.5
1000X 1.0
1000X 1.0
00010 1.0
1000X 1.0
100XX 1.0
1001X 1.0
1001X 1.0
00010 1.0
100XX 1.0
0000X 1.0
1001X 1.0
X0000 1.0
10110 1.0
000XX 1.0
0000X 1.0
X00X0 1.0
10010 1.0
00010 1.0
00000 1.0
10011 1.0
10010 1.0
1011X 1.0
10010 1.0
100X0 1.0
00010 1.0
000X0 1.0
10010 1.0
000XX 1.0
1001X 1.0
000X0 1.0
100XX 1.0
100XX 1.0
00011 1.0
X00XX 1.0
00000 1.0
1000X 1.0
1001X 1.0
100XX 1.0
00011 1.0
10011 0.5
10011 0.5
100X0 1.0
1X11X 1.0
100XX 1.0
1001X 1.0
0001X 1.0
10011 1.0
X0010 1.0
00011 1.0
X001X 1.0
100X0 1.0
1001X 1.0
10010 1.0
00011 1.0
10001 1.0
00001 1.0
X001X 1.0
1000X 1.0
0000X 1.0
00000 0.5
00000 0.5
1000X 0.5
0000X 0.5
X0010 1.0
00000 1.0
X0001 1.0
10011 1.0
1001X 1.0
X0010 1.0
00000 1.0
00000 1.0
10010 1.0
00000 1.0
10011 1.0
00010 1.0
X0010 1.0
000X0 1.0
10010 1.0
00010 1.0
1XX10 1.0
00011 1.0
1XXX1 1.0
11111 1.0
00010 1.0
00000 1.0
X0010 1.0
00010 1.0
10010 1.0
00000 1.0
00011 0.25
00011 0.25
10011 0.25
10011 0.25
00011 1.0
X0011 1.0
00000 1.0
00010 1.0
00000 1.0
00000 1.0
00010 1.0
100X0 1.0
00010 1.0
00010 1.0
10011 0.5
10011 0.5
10010 1.0
X0010 1.0
X0010 1.0
10010 1.0
00000 0.5
00000 0.5
00010 1.0
00000 1.0
00010 1.0
00010 1.0
00000 1.0
00010 1.0
X0010 1.0
00010 1.0
10000 0.5
10000 0.5
00010 1.0
00010 1.0
10010 1.0
00000 1.0
10011 1.0
00011 1.0
00011 1.0
00011 1.0
X00X0 1.0
00010 1.0
10000 0.5
10000 0.5
10010 1.0
00010 1.0
X0011 1.0
00010 1.0
10010 1.0
10011 1.0
10010 1.0
00011 1.0
10010 1.0
00000 1.0
00010 1.0
X0011 1.0
10010 1.0
X0010 1.0
10000 1.0
00000 1.0
00011 1.0
00000 1.0
10010 1.0
10010 1.0
10011 0.5
10010 0.5
00000 1.0
10001 1.0
00010 1.0
00000 1.0
X0010 1.0
00010 1.0
00000 0.125
00000 0.125
00000 0.125
00000 0.125
00000 0.125
00000 0.125
00000 0.125
00000 0.125
00010 1.0
00010 1.0
10011 1.0
00010 1.0
00011 1.0
10011 1.0
00010 1.0
00000 1.0
10010 1.0
00010 1.0
10010 1.0
X0010 1.0
00010 1.0
X0011 1.0
10010 1.0
00010 1.0
10011 1.0
00000 1.0
00011 1.0
00010 1.0
00010 1.0
00000 1.0
10010 1.0
X0010 1.0
00001 1.0
10111 1.0
10010 1.0
10011 1.0
10011 1.0
X0000 1.0
00011 1.0
00010 1.0
1001X 1.0
X0010 1.0
00011 1.0
10001 1.0
00010 1.0
10011 1.0
00011 1.0
00000 1.0
10011 1.0
X0000 1.0
100X1 1.0
00000 1.0
00010 1.0
10001 1.0
00000 1.0
1001X 1.0
10011 1.0
00011 1.0
X0010 1.0
10010 1.0
10011 1.0
00010 1.0
10010 1.0
10001 1.0
00010 1.0
00010 1.0
10010 1.0
X0011 1.0
00001 1.0
00000 1.0
00000 1.0
10011 1.0
X0010 1.0
00010 1.0
10011 1.0
10000 1.0
X0011 1.0
10011 1.0
10011 1.0
1001X 1.0
00001 1.0
1X011 1.0
10010 1.0
00010 1.0
000X0 1.0
1X010 1.0
000X0 1.0
X0011 1.0
11110 1.0
00010 1.0
X0011 1.0
X001X 1.0
00010 1.0
10010 1.0
10010 1.0
10011 1.0
X0010 1.0
00011 1.0
000X1 1.0
1101X 1.0
00001 0.5
00001 0.5
00010 1.0
10010 1.0
X0000 1.0
10010 1.0
10110 1.0
00000 1.0
00010 1.0
00010 1.0
00010 1.0
00010 1.0
00010 1.0
00010 1.0
10000 1.0
X0010 1.0
10000 1.0
00000 1.0
00010 1.0
10010 1.0
00010 1.0
X0000 1.0
00010 1.0
00010 1.0
00000 1.0
00010 1.0
00000 1.0
00010 1.0
X0010 1.0
X0010 1.0
11110 1.0
X0000 1.0
10011 1.0
10110 1.0
11111 1.0
10010 1.0
00010 1.0
10001 1.0
10110 1.0
10010 1.0
000X0 1.0
10010 1.0
00010 1.0
11111 1.0
00010 1.0
00010 1.0
00010 0.25
00010 0.25
00010 0.25
00010 0.25
00010 1.0
00000 0.5
00000 0.5
00010 1.0
00000 1.0
000XX 1.0
00010 1.0
10011 1.0
