455
7
1111110 1.0
0010010 1.0
0010010 1.0
11X1110 0.5
11X1110 0.5
0010010 0.5
0010010 0.5
1111110 0.25
1111110 0.25
1111110 0.25
1111110 0.25
0010010 1.0
1111110 1.0
111111X 1.0
11X1110 1.0
111111X 1.0
1111110 1.0
1111110 1.0
11X1110 1.0
1111110 1.0
11X1110 1.0
1111110 1.0
1111110 1.0
0010010 1.0
0010010 1.0
111111X 1.0
1111110 0.5
1111110 0.5
1111110 1.0
1111110 1.0
1111110 1.0
0000000 1.0
1111110 1.0
1111110 1.0
XX1XX10 1.0
0010010 0.5
0010010 0.5
1111110 1.0
1111110 1.0
1111110 1.0
1111110 1.0
1111110 1.0
0010010 1.0
1111110 1.0
1111110 1.0
1111110 1.0
1111110 1.0
0010010 1.0
1111110 1.0
1111110 1.0
1111110 1.0
111111X 1.0
0010010 1.0
1111100 1.0
1111110 1.0
1111110 1.0
1111110 1.0
0010010 1.0
1111110 1.0
1111110 0.125
1111110 0.125
1111110 0.125
1111110 0.125
1111110 0.125
1111110 0.125
1111110 0.125
1111110 0.125
1111110 1.0
0010010 1.0
0010010 1.0
1111110 1.0
0010010 1.0
XX1XXX0 1.0
0010010 1.0
1111110 1.0
1111110 1.0
1111110 1.0
1111110 1.0
1111110 1.0
1111111 1.0
0010010 1.0
0010010 1.0
1111110 1.0
0010010 1.0
0010010 1.0
0010010 1.0
0010010 1.0
0010010 1.0
111111X 1.0
1111110 1.0
001001X 0.25
001001X 0.25
001001X 0.25
001001X 0.25
1111110 0.25
1111100 0.25
1101110 0.25
1101100 0.25
1111110 0.5
1111110 0.5
1111110 1.0
1111110 1.0
0010010 1.0
1111110 1.0
0010010 1.0
0010010 1.0
0010010 1.0
0010010 1.0
0010010 1.0
0010010 1.0
0010010 1.0
1111110 1.0
1111110 0.25
1111110 0.25
1111110 0.25
1111110 0.25
0010010 1.0
0010010 1.0
XX1XX10 1.0
1111110 1.0
1111110 1.0
0010010 1.0
1111110 1.0
1111110 1.0
0010010 1.0
0010010 1.0
1111110 1.0
0010010 1.0
0010010 1.0
1111111 1.0
1111110 1.0
0010010 1.0
0010010 1.0
1111110 1.0
0000010 0.5
0010010 0.5
0010010 1.0
0010010 1.0
1111110 1.0
0000010 1.0
0010010 1.0
0010010 1.0
0010010 1.0
1111110 1.0
0010010 1.0
XX1XX10 1.0
0010010 1.0
0010010 1.0
1111110 1.0
0010010 1.0
0010010 1.0
1111110 1.0
0010010 1.0
0010010 1.0
1111110 1.0
1111110 1.0
XX1XX10 1.0
0010010 1.0
0010010 1.0
1111110 1.0
0010010 1.0
0010010 1.0
1111110 1.0
XX1XX10 1.0
0010010 1.0
1111110 1.0
1111110 1.0
0010010 1.0
1111110 1.0
0010010 1.0
1111110 1.0
0010010 1.0
0010010 1.0
0010010 1.0
001001X 1.0
1111100 0.5
1111110 0.5
00X0010 1.0
XX1XX10 1.0
0010010 1.0
0010010 1.0
00X0010 1.0
1111110 1.0
XX1XX10 1.0
1111100 1.0
0010010 1.0
XX1XX10 1.0
0010010 1.0
0010010 1.0
1101110 1.0
1111110 1.0
1111110 1.0
1111110 1.0
0010010 1.0
0010010 1.0
0010000 0.5
0010000 0.5
XX1XX10 0.5
XX1XX10 0.5
1111110 1.0
11X1110 1.0
0010010 1.0
1111110 1.0
0010010 1.0
0010010 1.0
00X0010 1.0
1111100 1.0
XX1XX10 1.0
1111110 1.0
1111110 1.0
0010010 1.0
1111110 1.0
1111110 1.0
1101110 1.0
0010010 1.0
1111110 1.0
1111110 1.0
1111110 1.0
1111110 1.0
1111110 1.0
0010010 1.0
0010010 1.0
0010010 1.0
0010010 1.0
1111110 1.0
1111110 0.25
1111110 0.25
1111110 0.25
1111110 0.25
1111110 1.0
1111110 1.0
0010010 1.0
0010010 1.0
1111110 1.0
0010010 1.0
0010010 1.0
0010010 1.0
11111X0 1.0
0010010 1.0
1111110 0.5
1111110 0.5
0010010 1.0
0010010 1.0
XX1XX10 1.0
1111110 1.0
0000010 0.5
0010010 0.5
0010010 1.0
0010010 1.0
1111110 1.0
0010010 1.0
0010010 1.0
1111110 1.0
1111110 1.0
1111110 1.0
0010010 0.5
0010010 0.5
0010010 1.0
0010010 1.0
00X0010 1.0
1111110 1.0
0010010 1.0
XX1XX00 1.0
0010010 1.0
1111110 1.0
1111110 1.0
0010010 1.0
1101110 0.5
1101110 0.5
1111110 1.0
0010011 1.0
1111110 1.0
1111110 1.0
1111110 1.0
1111110 1.0
XX1XX10 1.0
1111110 1.0
1111110 1.0
0010010 1.0
1111110 1.0
1111110 1.0
1111110 1.0
0010010 1.0
0010010 1.0
0010010 1.0
1111110 1.0
0010010 1.0
1111110 1.0
1111110 1.0
1111110 0.5
1111110 0.5
1111110 1.0
1111110 1.0
1111110 1.0
1111110 1.0
XX1XX10 1.0
1111110 1.0
0010000 0.125
0000000 0.125
0010000 0.125
0000000 0.125
0000000 0.125
0010000 0.125
0010000 0.125
0000000 0.125
0010010 1.0
0010000 1.0
1111110 1.0
1111110 1.0
1111110 1.0
0010010 1.0
1111110 1.0
0010010 1.0
0010010 1.0
1111110 1.0
1111110 1.0
1111110 1.0
0000010 1.0
1101110 1.0
1111110 1.0
0010010 1.0
1111110 1.0
0010010 1.0
1111110 1.0
0010010 1.0
1111110 1.0
0010000 1.0
1111110 1.0
0010010 1.0
1111110 1.0
1111110 1.0
1111110 1.0
1111110 1.0
1111110 1.0
0010010 1.0
XX1XX10 1.0
0010010 1.0
1111110 1.0
1111110 1.0
0010010 1.0
1111110 1.0
1111110 1.0
1111110 1.0
1111110 1.0
1111110 1.0
1111110 1.0
0010010 1.0
1111110 1.0
1111110 1.0
1111110 1.0
1111110 1.0
0010010 1.0
1111110 1.0
1111110 1.0
1111110 1.0
0010010 1.0
XX1XX10 1.0
1111110 1.0
1111110 1.0
1111110 1.0
1111110 1.0
1111110 1.0
0000010 1.0
1111110 1.0
1111110 1.0
1111100 1.0
0010010 1.0
1111100 1.0
1111110 1.0
1111110 1.0
0010010 1.0
1111111 1.0
1111110 1.0
1111110 1.0
111111X 1.0
1111110 1.0
1111110 1.0
0000000 1.0
001001X 1.0
0010010 1.0
1111110 1.0
0010010 1.0
1111110 1.0
0010010 1.0
1111110 1.0
0010010 1.0
0010010 1.0
1111110 1.0
0010010 1.0
0010010 1.0
1111110 1.0
0010010 1.0
1111110 1.0
1111110 1.0
1111110 1.0
1111110 1.0
1111110 1.0
1111100 0.5
1111110 0.5
1111110 1.0
1111110 1.0
0010010 1.0
1111110 1.0
11X1110 1.0
0010010 1.0
0010010 1.0
0010010 1.0
0010010 1.0
0010010 1.0
1111110 1.0
1111110 1.0
1111110 1.0
0010010 1.0
1111110 1.0
0010010 1.0
0010010 1.0
1111110 1.0
0010010 1.0
1111110 1.0
1111110 1.0
1101110 1.0
0010011 1.0
0010010 1.0
1111110 1.0
1111110 1.0
1111110 1.0
1111110 1.0
001001X 1.0
00X0010 1.0
1111110 1.0
1111111 1.0
1111110 1.0
0000010 1.0
1111110 1.0
1111110 1.0
1111110 1.0
1111111 1.0
0010000 1.0
XX1XX10 1.0
00100X0 1.0
111111X 1.0
0010010 1.0
0010010 1.0
0010010 0.25
1111110 0.25
0010010 0.25
1111110 0.25
0010010 1.0
0000000 0.5
0000000 0.5
1111110 1.0
0010010 1.0
1111110 1.0
1111110 1.0
1111110 1.0
