455
14
01X11111100X11 1.0
1001XX11100100 1.0
10111011100100 1.0
11XX0X11100110 0.5
11XX0X11100111 0.5
1011XX01100110 0.5
1011XX01100110 0.5
11011011100001 0.25
11011011100011 0.25
11011011100101 0.25
11011011100111 0.25
1011XXX11001X0 1.0
11111001100110 1.0
11111101XXX110 1.0
01XX0111100110 1.0
1111111110X110 1.0
0111X1111000XX 1.0
11111001X00110 1.0
111X1XX1100111 1.0
01111111100110 1.0
01XX0111100110 1.0
01X11111100110 1.0
11110011000110 1.0
10111111100010 1.0
10110011000000 1.0
011101111XX110 1.0
011111111X0XX1 0.5
011111111X0XX1 0.5
111111X1100110 1.0
11111111100110 1.0
11111X11000X10 1.0
00000000000000 1.0
11111001100101 1.0
11110001000110 1.0
1X111011100110 1.0
00111111X00110 0.5
10111111X00110 0.5
11111001100110 1.0
11111001100101 1.0
11111111100001 1.0
11111111100010 1.0
11111001100110 1.0
10110011100110 1.0
11111001100000 1.0
11111001100110 1.0
010101X1100110 1.0
11111X11100111 1.0
101100X1100100 1.0
11111001100110 1.0
11111XX1100110 1.0
11111011100110 1.0
1111101110X001 1.0
10111XX1100110 1.0
11111010000110 1.0
01111111100X11 1.0
11111101000110 1.0
11111111100111 1.0
10110XX11000X0 1.0
11111011100000 1.0
0111X111110X11 0.125
0111X111110X11 0.125
0111X111100X11 0.125
0111X111100X11 0.125
0111X111100X11 0.125
0111X111110X11 0.125
0111X111100X11 0.125
0111X111110X11 0.125
11111011100110 1.0
10111011100100 1.0
001101X1000110 1.0
11111011000010 1.0
10111011100110 1.0
1X11001X000010 1.0
00111111100110 1.0
11111XX11001X0 1.0
11111101100111 1.0
11111011000010 1.0
11110011100111 1.0
01111111100111 1.0
111110X1X01X00 1.0
10111011100111 1.0
10111001100110 1.0
11110011100111 1.0
10110001000000 1.0
00111X111X0110 1.0
X01111111X0XXX 1.0
10111011100110 1.0
00111X111001XX 1.0
11111X011XX000 1.0
01111X01100000 1.0
001111111XX000 0.25
001111111XX010 0.25
001111111XX100 0.25
001111111XX110 0.25
1111XX11100110 0.25
1111XX10100110 0.25
1110XX11100110 0.25
1110XX10100110 0.25
11111111100100 0.5
11111111100100 0.5
111101X1000110 1.0
11111X111X0X10 1.0
X01110111000XX 1.0
11111111XX0X10 1.0
00110X11100010 1.0
0011X0111X0X10 1.0
X0111111100XX0 1.0
001111111000X0 1.0
00111111X00XXX 1.0
00111101X00010 1.0
00111111X00XXX 1.0
X11111111001XX 1.0
11111001100110 0.25
11111001100100 0.25
11111001100000 0.25
11111001100010 0.25
10111011100111 1.0
001111011X0XXX 1.0
0X111111100X00 1.0
01111011100X10 1.0
11111011100110 1.0
00111011100X1X 1.0
01111111XX0X10 1.0
11111111100110 1.0
101110X1100000 1.0
00111X11100000 1.0
11111001X00110 1.0
00111011100X00 1.0
00111101X00XXX 1.0
110111X1101111 1.0
11011011100110 1.0
10111111100111 1.0
00111111X0000X 1.0
11111001000000 1.0
00101X11100000 0.5
00111X11100000 0.5
0011111110000X 1.0
00111111000X0X 1.0
11111011100110 1.0
00101101100X0X 1.0
X0111111100XXX 1.0
0011111110001X 1.0
10111111XX001X 1.0
11111011100110 1.0
00111111100XXX 1.0
0X11100110000X 1.0
00111111100X1X 1.0
00111X11000X00 1.0
01111111100X10 1.0
00111011100XXX 1.0
00111001100X0X 1.0
11111X111001X0 1.0
00111111100X10 1.0
00111001100010 1.0
11110001100000 1.0
X11111X1100111 1.0
0X111111100010 1.0
0011111110001X 1.0
00111111100010 1.0
01111111100XX0 1.0
10111011000110 1.0
00111011X00XX0 1.0
11111111000110 1.0
1X111011100XXX 1.0
00111111000X1X 1.0
01111011X00XX0 1.0
01111111100XXX 1.0
00111111000XXX 1.0
11111001100111 1.0
00111X11100XXX 1.0
11111001000000 1.0
0011111110000X 1.0
0011111110001X 1.0
00111111X000XX 1.0
0011X00100X111 1.0
11111110100111 0.5
11111111100111 0.5
001X11X1100XX0 1.0
0X111111100X1X 1.0
00111111100XXX 1.0
00111111100X1X 1.0
001X1011000X1X 1.0
11111111100111 1.0
0X111XX1100110 1.0
11011000000111 1.0
10111XX1100X1X 1.0
0X1111011000X0 1.0
00111111100X1X 1.0
00110111100110 1.0
1100X011100111 1.0
11111111100101 1.0
11111011100001 1.0
01111X1110011X 1.0
00111111X00X0X 1.0
0011101100000X 1.0
001100X0000000 0.5
101100X0000000 0.5
0X111111100X0X 0.5
0X111011100X0X 0.5
X1111X11000110 1.0
11XX1001000000 1.0
00110XX1100001 1.0
11111111100111 1.0
0011111110011X 1.0
10110XX1X00110 1.0
10XX0001000000 1.0
11110000000000 1.0
XX111111000110 1.0
11111011100000 1.0
11111111100011 1.0
10110011000010 1.0
1111XXX1100X10 1.0
111110010001X0 1.0
11001111000010 1.0
10110001100010 1.0
11111111100X10 1.0
11111001100011 1.0
11111111100XX1 1.0
11110111100111 1.0
11111011100010 1.0
10110011100000 1.0
10110X11100110 1.0
101100X1000110 1.0
00110111000110 1.0
11111001000000 1.0
11111001100111 0.25
11111011100111 0.25
11111101100111 0.25
11111111100111 0.25
11111011100111 1.0
11111XX1100111 1.0
00110011000000 1.0
10110011100110 1.0
11111011000000 1.0
10110011100000 1.0
10110011100110 1.0
101111110001X0 1.0
1111101X100010 1.0
10110011100010 1.0
11111111100111 0.5
01111111100111 0.5
10111111100110 1.0
00111X11100110 1.0
1X111X11100110 1.0
11111111100110 1.0
10100011100000 0.5
10110011100000 0.5
10110001000X10 1.0
10110001100000 1.0
11110001100010 1.0
10110011X00110 1.0
10111001100000 1.0
11111011100110 1.0
11111XX1100110 1.0
11110011100010 1.0
10110111100100 0.5
10110111100100 0.5
10111011100110 1.0
10110011000010 1.0
001X01X1X00X10 1.0
11110011100100 1.0
10111111100111 1.0
1X110010000111 1.0
10110011100111 1.0
11111001100111 1.0
1111XXX11001X0 1.0
00110011100110 1.0
11101111000000 0.5
11101111000000 0.5
11111111100110 1.0
10110011101110 1.0
11111XX1100X11 1.0
11110011100010 1.0
11111111100010 1.0
01111111100111 1.0
XX111111000110 1.0
01110011X00111 1.0
11111111100010 1.0
10110011100000 1.0
11111011100110 1.0
11110X11100111 1.0
11111101100110 1.0
1011XXX1100110 1.0
00110101000000 1.0
10110011100000 1.0
11111011000011 1.0
10X10001100000 1.0
01X10111100X10 1.0
11111111100010 1.0
11111111100111 0.5
11111111100110 0.5
11111011100100 1.0
11111111100001 1.0
11111011100110 1.0
11111011000000 1.0
1X111X11100110 1.0
11111011100110 1.0
10010010000000 0.125
10000010000000 0.125
10010010000000 0.125
10000010000000 0.125
10100010000000 0.125
10110010000000 0.125
10110010000000 0.125
10100010000000 0.125
10110011100110 1.0
10110000000110 1.0
11111111100111 1.0
11110011000110 1.0
11110011100X11 1.0
10111111100111 1.0
11111011100110 1.0
10110011100000 1.0
10111111100010 1.0
11111011100010 1.0
11111111000010 1.0
11X1XXX1000110 1.0
10100011000110 1.0
11X01X11100111 1.0
11111111100110 1.0
10110011100110 1.0
11111111100111 1.0
10110001000100 1.0
11111001100111 1.0
10110011100110 1.0
11111011100110 1.0
10110000000000 1.0
11111111100110 1.0
1011XXX1100110 1.0
11111001000001 1.0
01111111100111 1.0
X1111111100110 1.0
11111111100111 1.0
11111111100111 1.0
10111XX1000000 1.0
1X110011100111 1.0
10110001100110 1.0
01111111100X1X 1.0
11111XX1100010 1.0
10111001X00111 1.0
11111111100001 1.0
11111011100110 1.0
11111111100111 1.0
11111011100111 1.0
01110001100000 1.0
01X11111100111 1.0
10010XX1000000 1.0
111111111001X1 1.0
01111011100000 1.0
11111011100010 1.0
11111111100001 1.0
10110011100100 1.0
X1111111X00X1X 1.0
11111111X00111 1.0
11111011100X11 1.0
10111X11X00110 1.0
0X111111X00X10 1.0
11111111100111 1.0
11110011100010 1.0
01111111100110 1.0
1111X111000101 1.0
11111011000010 1.0
10000001100110 1.0
11111111100110 1.0
1111XX11100X11 1.0
11110010000001 1.0
00110001100100 1.0
11110010000000 1.0
1111X111100111 1.0
1111XXX1100110 1.0
10110011100110 1.0
11111111101111 1.0
11111111100100 1.0
0111XXX1100111 1.0
1111111110X111 1.0
11111111100111 1.0
1111111110001X 1.0
000000X0000001 1.0
0011111100XX11 1.0
00111111100X10 1.0
111100X1100110 1.0
001110011001X0 1.0
X111X111100X10 1.0
00111011000XX0 1.0
1111XXX1100111 1.0
00111111100X10 1.0
00111011000X10 1.0
1111XX11100111 1.0
00111X11100X1X 1.0
10111011100110 1.0
01111111100110 1.0
00111111100110 1.0
1111X111100111 1.0
1111XXX1100X10 1.0
111110X1X00011 1.0
011110X1100XX1 1.0
0111111110011X 1.0
111110X0X00001 0.5
111110X1X00001 0.5
11111011100110 1.0
11111111100X10 1.0
10111XX1X00100 1.0
1111X111000110 1.0
11XX1111X00X10 1.0
10110001000000 1.0
10110011100010 1.0
1011X011100X10 1.0
10110011100110 1.0
10110001X00110 1.0
11110001000110 1.0
11111011100110 1.0
01110111100000 1.0
00111X11X00110 1.0
1111X111100000 1.0
10110011100000 1.0
10111011000110 1.0
0111X1X1100110 1.0
10111011110110 1.0
11111X11100000 1.0
111110X1100010 1.0
11101001100110 1.0
1011X011X01000 1.0
10111011100110 1.0
11111011100000 1.0
11110011100010 1.0
11110X11X00010 1.0
11110X11100110 1.0
0011110110X110 1.0
101XXXX1000000 1.0
11111111100111 1.0
11111111101X10 1.0
01111111100111 1.0
10100111000110 1.0
11110001000X10 1.0
11111111100001 1.0
01111111100110 1.0
11111111101110 1.0
0001X0X0X00XX0 1.0
0X111111100X10 1.0
10X1001X000110 1.0
1111111110X111 1.0
000100X1000X10 1.0
001110X1X00010 1.0
10X11011100110 0.25
11X11011100110 0.25
10X11011100110 0.25
11X11011100110 0.25
10X1X0X1000X10 1.0
10000000000000 0.5
10000000000100 0.5
11111011000X10 1.0
00110011100000 1.0
11110011100XXX 1.0
11110011100010 1.0
11110111100111 1.0
