455
5
0X111 1.0
01100 1.0
01100 1.0
01101 0.5
01101 0.5
01101 0.5
01101 0.5
00100 0.25
00101 0.25
01100 0.25
01101 0.25
0110X 1.0
01101 1.0
X11X1 1.0
01101 1.0
X1011 1.0
001XX 1.0
01101 1.0
01101 1.0
01101 1.0
01101 1.0
01X11 1.0
01101 1.0
00101 1.0
00000 1.0
X11X1 1.0
0X11X 0.5
0X11X 0.5
01101 1.0
01101 1.0
0X001 1.0
00000 1.0
01100 1.0
01101 1.0
01101 1.0
01101 0.5
01101 0.5
01101 1.0
01100 1.0
00100 1.0
00101 1.0
01101 1.0
01101 1.0
00100 1.0
01101 1.0
01101 1.0
01101 1.0
01100 1.0
01101 1.0
01101 1.0
01101 1.0
X0100 1.0
01101 1.0
01001 1.0
0X101 1.0
01101 1.0
01101 1.0
0000X 1.0
00100 1.0
0X111 0.125
0X101 0.125
0X111 0.125
0X101 0.125
0X111 0.125
0X101 0.125
0X101 0.125
0X111 0.125
01101 1.0
01100 1.0
01101 1.0
00101 1.0
01001 1.0
00001 1.0
01101 1.0
0110X 1.0
01101 1.0
00101 1.0
01101 1.0
01101 1.0
1XX00 1.0
01101 1.0
01101 1.0
01101 1.0
00100 1.0
01101 1.0
0X10X 1.0
01001 1.0
0110X 1.0
X0000 1.0
00100 1.0
X00X0 0.25
X00X1 0.25
X10X0 0.25
X10X1 0.25
01101 0.25
01101 0.25
01101 0.25
01101 0.25
01100 0.5
01100 0.5
01101 1.0
0X001 1.0
0010X 1.0
0X001 1.0
00101 1.0
0X101 1.0
0X11X 1.0
0010X 1.0
0X00X 1.0
00X01 1.0
0XX0X 1.0
0110X 1.0
01101 0.25
01100 0.25
00100 0.25
00101 0.25
01101 1.0
0X10X 1.0
0X100 1.0
0X001 1.0
01101 1.0
0X001 1.0
0X001 1.0
01101 1.0
00100 1.0
00100 1.0
01X01 1.0
0X100 1.0
0X00X 1.0
11101 1.0
01101 1.0
01101 1.0
00X00 1.0
00000 1.0
00100 0.5
00100 0.5
00X00 1.0
0X000 1.0
01101 1.0
0XX00 1.0
0X10X 1.0
00001 1.0
00101 1.0
01101 1.0
0X10X 1.0
00X00 1.0
0X101 1.0
0X000 1.0
0X111 1.0
0X10X 1.0
0X100 1.0
0110X 1.0
0X001 1.0
00101 1.0
00100 1.0
01101 1.0
00101 1.0
00111 1.0
00101 1.0
0X10X 1.0
01101 1.0
0X00X 1.0
01101 1.0
0XX0X 1.0
0XX01 1.0
0X10X 1.0
0X10X 1.0
0X00X 1.0
01101 1.0
0X10X 1.0
00000 1.0
00100 1.0
00101 1.0
0000X 1.0
X1001 1.0
01X01 0.5
01X01 0.5
0X10X 1.0
0XX11 1.0
0XX0X 1.0
0XX01 1.0
0X001 1.0
01101 1.0
01101 1.0
01001 1.0
0X101 1.0
0010X 1.0
0XX01 1.0
01101 1.0
01101 1.0
01X00 1.0
00000 1.0
01101 1.0
0X000 1.0
00000 1.0
00000 0.5
00000 0.5
0X000 0.5
0X000 0.5
01001 1.0
00000 1.0
00100 1.0
01101 1.0
01101 1.0
01101 1.0
00000 1.0
00000 1.0
01X01 1.0
00100 1.0
00101 1.0
00101 1.0
0X101 1.0
0100X 1.0
00001 1.0
00101 1.0
0XXX1 1.0
00101 1.0
0X1XX 1.0
01111 1.0
00101 1.0
00100 1.0
01X01 1.0
01101 1.0
01101 1.0
00000 1.0
01001 0.25
01001 0.25
01001 0.25
01001 0.25
01101 1.0
01101 1.0
00000 1.0
01101 1.0
00000 1.0
00100 1.0
01101 1.0
0100X 1.0
00101 1.0
00101 1.0
01101 0.5
01101 0.5
01101 1.0
01101 1.0
01101 1.0
01101 1.0
00100 0.5
00100 0.5
0X001 1.0
00100 1.0
00101 1.0
01X01 1.0
00000 1.0
01101 1.0
01X01 1.0
00101 1.0
01100 0.5
01100 0.5
01101 1.0
00101 1.0
0X101 1.0
01100 1.0
01101 1.0
01001 1.0
01101 1.0
01101 1.0
0110X 1.0
01101 1.0
00100 0.5
00000 0.5
01101 1.0
11101 1.0
0X101 1.0
00101 1.0
00101 1.0
01001 1.0
01001 1.0
01101 1.0
00101 1.0
00100 1.0
01101 1.0
01101 1.0
01101 1.0
01101 1.0
00000 1.0
00100 1.0
00101 1.0
00100 1.0
0X101 1.0
00101 1.0
01101 0.5
01101 0.5
01100 1.0
00000 1.0
01101 1.0
00000 1.0
01101 1.0
01101 1.0
00000 0.125
00000 0.125
00000 0.125
00000 0.125
00000 0.125
00000 0.125
00000 0.125
00000 0.125
01101 1.0
01001 1.0
01101 1.0
01101 1.0
0X101 1.0
01101 1.0
01101 1.0
00100 1.0
00101 1.0
00101 1.0
00101 1.0
01101 1.0
01001 1.0
01101 1.0
01101 1.0
01101 1.0
01001 1.0
01000 1.0
01101 1.0
01101 1.0
01101 1.0
00000 1.0
01101 1.0
01101 1.0
00100 1.0
01111 1.0
01101 1.0
01101 1.0
01101 1.0
00000 1.0
01101 1.0
01101 1.0
0XX01 1.0
00101 1.0
01101 1.0
00100 1.0
01101 1.0
01101 1.0
01101 1.0
00100 1.0
01101 1.0
00000 1.0
0110X 1.0
00100 1.0
00101 1.0
00100 1.0
01100 1.0
0XX01 1.0
01001 1.0
0X101 1.0
01001 1.0
0XX01 1.0
01101 1.0
00101 1.0
01101 1.0
01000 1.0
00001 1.0
01101 1.0
01101 1.0
0X101 1.0
00000 1.0
01000 1.0
00000 1.0
01101 1.0
01101 1.0
01101 1.0
11101 1.0
01100 1.0
01101 1.0
X1101 1.0
01101 1.0
00101 1.0
00000 1.0
XXX01 1.0
0X101 1.0
01101 1.0
0110X 1.0
0X101 1.0
0X00X 1.0
01101 1.0
0X111 1.0
0XX01 1.0
01101 1.0
0XX01 1.0
01101 1.0
01101 1.0
01101 1.0
01101 1.0
0X101 1.0
00001 1.0
0X10X 1.0
01101 1.0
00000 0.5
00000 0.5
01101 1.0
0X101 1.0
01X00 1.0
01101 1.0
0XX11 1.0
00000 1.0
00101 1.0
0X101 1.0
01101 1.0
01001 1.0
01001 1.0
01101 1.0
00100 1.0
01101 1.0
00100 1.0
00100 1.0
01101 1.0
01101 1.0
01101 1.0
00100 1.0
00101 1.0
01101 1.0
10100 1.0
01X01 1.0
00100 1.0
00101 1.0
00X01 1.0
01101 1.0
X1111 1.0
00000 1.0
01001 1.0
1XX11 1.0
01111 1.0
01101 1.0
0X001 1.0
00100 1.0
01X11 1.0
11101 1.0
0X00X 1.0
0X101 1.0
01001 1.0
X1111 1.0
0XX01 1.0
00001 1.0
01101 0.25
01101 0.25
01101 0.25
01101 0.25
0XX01 1.0
00000 0.5
01000 0.5
0X001 1.0
00100 1.0
0X00X 1.0
00101 1.0
01101 1.0
