455
5
X1111 1.0
01X10 1.0
11010 1.0
X1X10 0.5
X1X11 0.5
10X10 0.5
10X10 0.5
01011 0.25
01011 0.25
01011 0.25
01011 0.25
1XX10 1.0
10010 1.0
101X0 1.0
X1110 1.0
11110 1.0
1111X 1.0
100X0 1.0
1XX11 1.0
11110 1.0
X1110 1.0
X1110 1.0
11000 1.0
11110 1.0
11000 1.0
11110 1.0
11111 0.5
11111 0.5
1X110 1.0
11110 1.0
11X00 1.0
00000 1.0
10011 1.0
10000 1.0
11010 1.0
111X0 0.5
111X0 0.5
10010 1.0
10011 1.0
11111 1.0
11110 1.0
10010 1.0
11010 1.0
10010 1.0
10010 1.0
0X110 1.0
11X11 1.0
1X010 1.0
10010 1.0
1XX10 1.0
11010 1.0
11011 1.0
1XX10 1.0
11000 1.0
11111 1.0
10100 1.0
11111 1.0
1XX10 1.0
11010 1.0
11111 0.125
11111 0.125
11111 0.125
11111 0.125
11111 0.125
11111 0.125
11111 0.125
11111 0.125
11010 1.0
11010 1.0
1X100 1.0
11000 1.0
11010 1.0
11000 1.0
11110 1.0
1XX10 1.0
10111 1.0
11000 1.0
11011 1.0
11111 1.0
1X0X0 1.0
11011 1.0
10010 1.0
11011 1.0
10000 1.0
11X10 1.0
1111X 1.0
11010 1.0
11X1X 1.0
10X10 1.0
10X10 1.0
11110 0.25
11110 0.25
11110 0.25
11110 0.25
11X10 0.25
11X10 0.25
11X10 0.25
11X10 0.25
11110 0.5
11110 0.5
1X100 1.0
11X10 1.0
1101X 1.0
111X0 1.0
11X10 1.0
11010 1.0
11110 1.0
11110 1.0
111XX 1.0
101X0 1.0
111XX 1.0
1111X 1.0
10010 0.25
10010 0.25
10010 0.25
10010 0.25
11011 1.0
1011X 1.0
11110 1.0
11010 1.0
11010 1.0
1101X 1.0
111X0 1.0
11110 1.0
1X010 1.0
11X10 1.0
100X0 1.0
11010 1.0
101XX 1.0
0X111 1.0
01010 1.0
11111 1.0
111XX 1.0
10000 1.0
11X10 0.5
11X10 0.5
1111X 1.0
1110X 1.0
11010 1.0
1011X 1.0
1111X 1.0
1111X 1.0
111XX 1.0
11010 1.0
1111X 1.0
1001X 1.0
1111X 1.0
11X00 1.0
11110 1.0
1101X 1.0
1001X 1.0
11X10 1.0
11110 1.0
10010 1.0
10010 1.0
1X111 1.0
11110 1.0
1111X 1.0
11110 1.0
11110 1.0
11000 1.0
110X0 1.0
11100 1.0
1101X 1.0
1110X 1.0
110X0 1.0
1111X 1.0
1110X 1.0
10011 1.0
11X1X 1.0
10000 1.0
1111X 1.0
1111X 1.0
111XX 1.0
10001 1.0
11111 0.5
11111 0.5
1X110 1.0
1111X 1.0
1111X 1.0
1111X 1.0
1100X 1.0
11111 1.0
1XX10 1.0
00001 1.0
1XX1X 1.0
10110 1.0
1111X 1.0
11110 1.0
01011 1.0
11111 1.0
11011 1.0
11X1X 1.0
111XX 1.0
1100X 1.0
1X000 0.5
1X000 0.5
1111X 0.5
1101X 0.5
11X00 1.0
X0000 1.0
1XX11 1.0
11111 1.0
1111X 1.0
1XXX0 1.0
X0000 1.0
10000 1.0
11100 1.0
11010 1.0
11111 1.0
11000 1.0
1XX10 1.0
10000 1.0
01100 1.0
10010 1.0
11110 1.0
10011 1.0
11111 1.0
11111 1.0
11010 1.0
11010 1.0
11X10 1.0
1X000 1.0
11100 1.0
10000 1.0
10011 0.25
11011 0.25
10111 0.25
11111 0.25
11011 1.0
1XX11 1.0
11000 1.0
11010 1.0
11000 1.0
11010 1.0
11010 1.0
11100 1.0
11010 1.0
11010 1.0
11111 0.5
11111 0.5
11110 1.0
11X10 1.0
11X10 1.0
11110 1.0
11010 0.5
11010 0.5
10000 1.0
10010 1.0
10010 1.0
110X0 1.0
10010 1.0
11010 1.0
1XX10 1.0
11010 1.0
11110 0.5
11110 0.5
11010 1.0
11000 1.0
1X1X0 1.0
11010 1.0
11111 1.0
11001 1.0
11011 1.0
10011 1.0
1XX10 1.0
11010 1.0
11100 0.5
11100 0.5
11110 1.0
11010 1.0
1XX11 1.0
11010 1.0
11110 1.0
11111 1.0
11100 1.0
110X1 1.0
11110 1.0
11010 1.0
11010 1.0
11X11 1.0
10110 1.0
1XX10 1.0
10100 1.0
11010 1.0
11001 1.0
X0010 1.0
X1110 1.0
11110 1.0
11111 0.5
11110 0.5
11010 1.0
11111 1.0
11010 1.0
11000 1.0
11X10 1.0
11010 1.0
01000 0.125
01000 0.125
01000 0.125
01000 0.125
11000 0.125
11000 0.125
11000 0.125
11000 0.125
11010 1.0
10000 1.0
11111 1.0
11000 1.0
11011 1.0
11111 1.0
11010 1.0
11010 1.0
11110 1.0
11010 1.0
11100 1.0
XXX00 1.0
11000 1.0
X1X11 1.0
11110 1.0
11010 1.0
11111 1.0
10000 1.0
10011 1.0
11010 1.0
11010 1.0
10000 1.0
11110 1.0
1XX10 1.0
10001 1.0
11111 1.0
11110 1.0
11111 1.0
11111 1.0
1XX00 1.0
11011 1.0
10010 1.0
1111X 1.0
1XX10 1.0
100X1 1.0
11111 1.0
11010 1.0
11111 1.0
11011 1.0
10010 1.0
X1111 1.0
0XX00 1.0
11111 1.0
11010 1.0
11010 1.0
11111 1.0
11010 1.0
111XX 1.0
111X1 1.0
11011 1.0
11XX0 1.0
111X0 1.0
11111 1.0
11010 1.0
11110 1.0
11101 1.0
11000 1.0
00010 1.0
11110 1.0
11X11 1.0
11001 1.0
10010 1.0
11000 1.0
11111 1.0
1XX10 1.0
11010 1.0
11111 1.0
11110 1.0
1XX11 1.0
11111 1.0
11111 1.0
1111X 1.0
0X001 1.0
11101 1.0
11110 1.0
1X010 1.0
10010 1.0
11110 1.0
11000 1.0
1XX11 1.0
11110 1.0
11000 1.0
11X11 1.0
11X1X 1.0
11010 1.0
11110 1.0
11110 1.0
11111 1.0
1XX10 1.0
1X0X1 1.0
1X011 1.0
1111X 1.0
1X0X1 0.5
1X0X1 0.5
11010 1.0
11110 1.0
1XXX0 1.0
11100 1.0
X11X0 1.0
10000 1.0
11010 1.0
11010 1.0
11010 1.0
100X0 1.0
10000 1.0
11010 1.0
11110 1.0
11XX0 1.0
11110 1.0
11010 1.0
11000 1.0
1X110 1.0
11010 1.0
11X10 1.0
1X010 1.0
10010 1.0
110X0 1.0
11010 1.0
11010 1.0
11010 1.0
11XX0 1.0
11X10 1.0
10110 1.0
1XX00 1.0
11111 1.0
11110 1.0
11111 1.0
11100 1.0
10000 1.0
11111 1.0
11110 1.0
11110 1.0
0X0X0 1.0
11110 1.0
X1000 1.0
11111 1.0
0X000 1.0
1X0X0 1.0
X1010 0.25
X1010 0.25
X1010 0.25
X1010 0.25
XX000 1.0
00000 0.5
00000 0.5
11000 1.0
11010 1.0
1101X 1.0
11010 1.0
11111 1.0
