455
5
1X111 1.0
11X00 1.0
11000 1.0
X1000 0.5
X1000 0.5
11000 0.5
11100 0.5
10000 0.25
10000 0.25
11000 0.25
11000 0.25
11X00 1.0
11000 1.0
111XX 1.0
X1100 1.0
11X10 1.0
101X0 1.0
11000 1.0
X1000 1.0
11100 1.0
X1100 1.0
1111X 1.0
11000 1.0
10000 1.0
10000 1.0
110XX 1.0
1X111 0.5
1X011 0.5
11000 1.0
11X00 1.0
1XX00 1.0
00000 1.0
11000 1.0
11000 1.0
11000 1.0
11000 0.5
11000 0.5
11000 1.0
11000 1.0
10000 1.0
10100 1.0
11000 1.0
11000 1.0
10000 1.0
11000 1.0
11000 1.0
11100 1.0
11000 1.0
11000 1.0
11X00 1.0
11000 1.0
10X0X 1.0
11000 1.0
11000 1.0
1X00X 1.0
11000 1.0
11000 1.0
10000 1.0
10000 1.0
1X110 0.125
1X100 0.125
1X110 0.125
1X100 0.125
1X010 0.125
1X000 0.125
1X000 0.125
1X010 0.125
11000 1.0
11000 1.0
11000 1.0
10000 1.0
11000 1.0
10000 1.0
11X00 1.0
11000 1.0
11100 1.0
10000 1.0
11000 1.0
11100 1.0
1XX00 1.0
11000 1.0
11000 1.0
11000 1.0
10000 1.0
11X00 1.0
1X100 1.0
11000 1.0
11000 1.0
10X00 1.0
10100 1.0
100XX 0.25
100XX 0.25
110XX 0.25
110XX 0.25
11000 0.25
11000 0.25
01000 0.25
01000 0.25
11000 0.5
11000 0.5
11100 1.0
1X000 1.0
10000 1.0
1X000 1.0
10000 1.0
1X000 1.0
1X110 1.0
10X00 1.0
1X000 1.0
10X00 1.0
1X000 1.0
11X00 1.0
11000 0.25
11000 0.25
10000 0.25
10000 0.25
11000 1.0
1X000 1.0
1XX00 1.0
1X000 1.0
11100 1.0
1X000 1.0
1X000 1.0
11000 1.0
10000 1.0
10100 1.0
11000 1.0
1X000 1.0
1X000 1.0
11000 1.0
11000 1.0
11000 1.0
10100 1.0
10000 1.0
00000 0.5
10000 0.5
10000 1.0
1X000 1.0
11000 1.0
0X000 1.0
1X000 1.0
10000 1.0
10000 1.0
11000 1.0
1X100 1.0
10000 1.0
1X000 1.0
1X000 1.0
1X110 1.0
1X100 1.0
1X000 1.0
11000 1.0
1X000 1.0
10100 1.0
10000 1.0
11100 1.0
10100 1.0
10010 1.0
10000 1.0
1X000 1.0
11X00 1.0
1X000 1.0
11000 1.0
1X000 1.0
1X000 1.0
1X000 1.0
1X000 1.0
1X000 1.0
11000 1.0
1XX00 1.0
10X00 1.0
10000 1.0
10100 1.0
10000 1.0
11000 1.0
11100 0.5
11100 0.5
XX000 1.0
1X11X 1.0
1X100 1.0
1X000 1.0
XX000 1.0
11000 1.0
11X00 1.0
11000 1.0
1X000 1.0
10000 1.0
1X000 1.0
11100 1.0
01X00 1.0
11100 1.0
10000 1.0
11X00 1.0
1X100 1.0
10000 1.0
10000 0.5
10000 0.5
1X000 0.5
1X000 0.5
11000 1.0
X0000 1.0
10000 1.0
11000 1.0
11000 1.0
11000 1.0
X0000 1.0
10000 1.0
11100 1.0
10000 1.0
10000 1.0
10000 1.0
1X000 1.0
11000 1.0
00000 1.0
10000 1.0
1X1XX 1.0
10000 1.0
1X0XX 1.0
11011 1.0
10000 1.0
10000 1.0
11000 1.0
11000 1.0
11000 1.0
10000 1.0
11000 0.25
11000 0.25
11000 0.25
11000 0.25
11000 1.0
11000 1.0
10000 1.0
11000 1.0
10000 1.0
10000 1.0
11000 1.0
11100 1.0
10000 1.0
10000 1.0
11100 0.5
11100 0.5
11000 1.0
11000 1.0
11X00 1.0
11000 1.0
00000 0.5
10000 0.5
1X000 1.0
10000 1.0
10000 1.0
11000 1.0
10000 1.0
11000 1.0
11000 1.0
10000 1.0
11000 0.5
11000 0.5
11000 1.0
10000 1.0
XX000 1.0
11000 1.0
11000 1.0
11000 1.0
11000 1.0
11000 1.0
11000 1.0
11000 1.0
00000 0.5
00000 0.5
11000 1.0
11000 1.0
1X000 1.0
10000 1.0
10100 1.0
11000 1.0
11000 1.0
11100 1.0
10X00 1.0
10000 1.0
11000 1.0
11000 1.0
11000 1.0
11X00 1.0
10000 1.0
10000 1.0
10000 1.0
10000 1.0
1X100 1.0
10000 1.0
11000 0.5
11000 0.5
11000 1.0
10000 1.0
11000 1.0
10000 1.0
11000 1.0
11000 1.0
10000 0.125
00000 0.125
10000 0.125
00000 0.125
00000 0.125
10000 0.125
10000 0.125
00000 0.125
11000 1.0
11000 1.0
11000 1.0
11000 1.0
1X000 1.0
11000 1.0
11000 1.0
10000 1.0
10000 1.0
10000 1.0
10000 1.0
11X00 1.0
01000 1.0
01X00 1.0
11000 1.0
11000 1.0
11000 1.0
11000 1.0
11000 1.0
11000 1.0
11000 1.0
10000 1.0
11100 1.0
11000 1.0
10000 1.0
11110 1.0
11000 1.0
11000 1.0
11000 1.0
10000 1.0
11000 1.0
11000 1.0
1X000 1.0
10X00 1.0
11000 1.0
10000 1.0
11000 1.0
11000 1.0
11000 1.0
10000 1.0
11100 1.0
10X00 1.0
11000 1.0
10000 1.0
10000 1.0
10000 1.0
11000 1.0
1X100 1.0
11000 1.0
1X000 1.0
11000 1.0
1X000 1.0
11000 1.0
10000 1.0
11100 1.0
11100 1.0
10000 1.0
01000 1.0
11000 1.0
1XX00 1.0
10000 1.0
11000 1.0
10000 1.0
11000 1.0
11X00 1.0
11000 1.0
11100 1.0
11100 1.0
11100 1.0
11X00 1.0
11100 1.0
10000 1.0
00000 1.0
1XX0X 1.0
1XX00 1.0
11000 1.0
11000 1.0
1XX0X 1.0
1X000 1.0
11000 1.0
1X111 1.0
1X000 1.0
11000 1.0
1X100 1.0
11000 1.0
11000 1.0
11000 1.0
11000 1.0
1XX00 1.0
10000 1.0
1X000 1.0
11X01 1.0
10000 0.5
10000 0.5
11000 1.0
1X000 1.0
11000 1.0
11100 1.0
XX110 1.0
10000 1.0
10000 1.0
1X000 1.0
11000 1.0
11000 1.0
11000 1.0
11000 1.0
10000 1.0
11100 1.0
10000 1.0
10000 1.0
11000 1.0
11X00 1.0
11000 1.0
10000 1.0
10000 1.0
01000 1.0
10000 1.0
11000 1.0
10000 1.0
10000 1.0
10000 1.0
11100 1.0
11111 1.0
X0000 1.0
11100 1.0
1XX10 1.0
11111 1.0
01000 1.0
1X000 1.0
10000 1.0
11110 1.0
11000 1.0
1X000 1.0
1X000 1.0
11000 1.0
11111 1.0
1X000 1.0
10X00 1.0
11000 0.25
11000 0.25
11000 0.25
11000 0.25
1X000 1.0
00000 0.5
01000 0.5
1X000 1.0
10000 1.0
1X000 1.0
10000 1.0
11000 1.0
