455
5
01011 1.0
1X0X1 1.0
11001 1.0
10001 0.5
10001 0.5
1X000 0.5
1X010 0.5
11101 0.25
11101 0.25
11101 0.25
11101 0.25
1X0XX 1.0
11100 1.0
11010 1.0
00011 1.0
111X1 1.0
0X011 1.0
11100 1.0
1100X 1.0
01011 1.0
00011 1.0
01011 1.0
10001 1.0
11001 1.0
10001 1.0
00001 1.0
01011 0.5
01001 0.5
1100X 1.0
111X1 1.0
111X1 1.0
00000 1.0
11100 1.0
10100 1.0
11001 1.0
01001 0.5
11001 0.5
11100 1.0
11100 1.0
11101 1.0
11011 1.0
11100 1.0
10001 1.0
11100 1.0
11100 1.0
0000X 1.0
11011 1.0
1010X 1.0
11100 1.0
111XX 1.0
11001 1.0
111X1 1.0
1100X 1.0
11101 1.0
01001 1.0
11100 1.0
11001 1.0
1000X 1.0
11101 1.0
0X011 0.125
0X011 0.125
0X011 0.125
0X011 0.125
0X001 0.125
0X001 0.125
0X001 0.125
0X001 0.125
11001 1.0
11001 1.0
0010X 1.0
11001 1.0
11001 1.0
10001 1.0
010X1 1.0
1110X 1.0
11110 1.0
11001 1.0
10001 1.0
01011 1.0
111XX 1.0
11101 1.0
11100 1.0
10001 1.0
10100 1.0
011X1 1.0
X1011 1.0
11101 1.0
01X01 1.0
111X0 1.0
01110 1.0
01101 0.25
01101 0.25
01101 0.25
01101 0.25
1X101 0.25
1X101 0.25
1X101 0.25
1X101 0.25
11101 0.5
11101 0.5
1001X 1.0
11101 1.0
X1001 1.0
11101 1.0
00001 1.0
0X001 1.0
X1011 1.0
010X1 1.0
01101 1.0
011X0 1.0
01001 1.0
X10X1 1.0
11X00 0.25
11X00 0.25
11X00 0.25
11X00 0.25
11001 1.0
01000 1.0
010X1 1.0
01001 1.0
11111 1.0
01101 1.0
01001 1.0
11001 1.0
1110X 1.0
01011 1.0
11100 1.0
01001 1.0
01000 1.0
1110X 1.0
11001 1.0
11101 1.0
01011 1.0
11100 1.0
01001 0.5
01001 0.5
01001 1.0
01101 1.0
11001 1.0
01000 1.0
X1001 1.0
01001 1.0
11001 1.0
11001 1.0
01011 1.0
01000 1.0
01101 1.0
01101 1.0
01011 1.0
01011 1.0
01000 1.0
11001 1.0
01001 1.0
01110 1.0
10100 1.0
X101X 1.0
01111 1.0
01101 1.0
01X01 1.0
01101 1.0
110X1 1.0
01X01 1.0
11001 1.0
11001 1.0
01001 1.0
01001 1.0
01001 1.0
01101 1.0
11100 1.0
011X1 1.0
111X0 1.0
01001 1.0
01011 1.0
01001 1.0
0X100 1.0
11111 0.5
11111 0.5
01X0X 1.0
01011 1.0
01111 1.0
01101 1.0
01X01 1.0
11001 1.0
010XX 1.0
11100 1.0
1110X 1.0
01000 1.0
01001 1.0
00111 1.0
1X1X1 1.0
11111 1.0
11001 1.0
010X1 1.0
01111 1.0
01001 1.0
0000X 0.5
1000X 0.5
01001 0.5
01001 0.5
X1101 1.0
11000 1.0
0000X 1.0
11001 1.0
01001 1.0
1010X 1.0
10000 1.0
10000 1.0
X1X11 1.0
11001 1.0
11101 1.0
10001 1.0
1X00X 1.0
11100 1.0
11001 1.0
10000 1.0
11111 1.0
11100 1.0
11101 1.0
10101 1.0
11001 1.0
10001 1.0
10001 1.0
1000X 1.0
00101 1.0
11100 1.0
11100 0.25
11101 0.25
11100 0.25
11101 0.25
11101 1.0
1110X 1.0
00001 1.0
10001 1.0
11101 1.0
10001 1.0
10001 1.0
11111 1.0
11001 1.0
10001 1.0
11111 0.5
01111 0.5
11101 1.0
01101 1.0
110X1 1.0
11101 1.0
10001 0.5
10001 0.5
10100 1.0
10000 1.0
10100 1.0
10001 1.0
11000 1.0
11001 1.0
1100X 1.0
10001 1.0
10001 0.5
10001 0.5
11001 1.0
10001 1.0
0000X 1.0
10001 1.0
11001 1.0
10001 1.0
10001 1.0
11100 1.0
1X00X 1.0
00001 1.0
11101 0.5
11101 0.5
11001 1.0
10001 1.0
1110X 1.0
10001 1.0
11011 1.0
01001 1.0
X1001 1.0
00011 1.0
111X1 1.0
10001 1.0
11001 1.0
10001 1.0
11100 1.0
1X0XX 1.0
00100 1.0
10001 1.0
11001 1.0
10000 1.0
00X11 1.0
11001 1.0
11101 0.5
11101 0.5
11001 1.0
11101 1.0
11001 1.0
11101 1.0
11001 1.0
11001 1.0
10101 0.125
10101 0.125
10001 0.125
10001 0.125
10101 0.125
10001 0.125
10101 0.125
10001 0.125
10001 1.0
10100 1.0
11001 1.0
10101 1.0
10001 1.0
11001 1.0
11001 1.0
10001 1.0
11101 1.0
11001 1.0
11001 1.0
1X1XX 1.0
10001 1.0
110X1 1.0
11101 1.0
10001 1.0
11001 1.0
10100 1.0
11000 1.0
10001 1.0
11001 1.0
10100 1.0
11011 1.0
1X00X 1.0
11100 1.0
01011 1.0
X1X01 1.0
11001 1.0
11001 1.0
1110X 1.0
10001 1.0
10000 1.0
01001 1.0
111XX 1.0
11000 1.0
11001 1.0
11001 1.0
11001 1.0
11001 1.0
00000 1.0
01011 1.0
101XX 1.0
11001 1.0
01001 1.0
11001 1.0
11101 1.0
10001 1.0
X1011 1.0
11001 1.0
11001 1.0
11101 1.0
01101 1.0
11001 1.0
10001 1.0
01011 1.0
1X011 1.0
11101 1.0
10000 1.0
11001 1.0
1X0X1 1.0
10001 1.0
00100 1.0
10001 1.0
1X001 1.0
1X1XX 1.0
10101 1.0
11111 1.0
11011 1.0
0X01X 1.0
110X1 1.0
11111 1.0
11001 1.0
0000X 1.0
011X1 1.0
011X1 1.0
1000X 1.0
01100 1.0
XX0X1 1.0
01001 1.0
1X10X 1.0
01111 1.0
01001 1.0
1X101 1.0
01111 1.0
11101 1.0
01001 1.0
01001 1.0
1X001 1.0
1X0XX 1.0
1100X 1.0
0110X 1.0
010X1 1.0
1100X 0.5
1100X 0.5
11001 1.0
11001 1.0
11X0X 1.0
1X011 1.0
11011 1.0
10000 1.0
10001 1.0
1X001 1.0
10001 1.0
10100 1.0
10100 1.0
11001 1.0
00101 1.0
01X11 1.0
1X001 1.0
10001 1.0
11001 1.0
0X0XX 1.0
11001 1.0
11101 1.0
1110X 1.0
11100 1.0
1X001 1.0
11X01 1.0
11001 1.0
10001 1.0
10001 1.0
10111 1.0
01X10 1.0
1X00X 1.0
11011 1.0
110X1 1.0
01011 1.0
10101 1.0
10000 1.0
11001 1.0
01X11 1.0
11001 1.0
0X00X 1.0
01X01 1.0
10001 1.0
11011 1.0
0000X 1.0
01XXX 1.0
11001 0.25
11001 0.25
11001 0.25
11001 0.25
1X00X 1.0
10000 0.5
10000 0.5
11001 1.0
00001 1.0
10001 1.0
10001 1.0
10101 1.0
