455
5
11111 1.0
X0100 1.0
00100 1.0
00101 0.5
00101 0.5
00101 0.5
10101 0.5
00100 0.25
00101 0.25
00100 0.25
00101 0.25
X010X 1.0
00101 1.0
1X1X1 1.0
10101 1.0
X0111 1.0
101XX 1.0
00101 1.0
00101 1.0
10101 1.0
10101 1.0
1X111 1.0
00101 1.0
00101 1.0
00100 1.0
0X1X1 1.0
1111X 0.5
0111X 0.5
00101 1.0
X0101 1.0
X0101 1.0
00000 1.0
00100 1.0
00101 1.0
00101 1.0
00101 0.5
00101 0.5
00101 1.0
00100 1.0
00100 1.0
10101 1.0
00101 1.0
00101 1.0
00100 1.0
00101 1.0
00101 1.0
10101 1.0
00100 1.0
00101 1.0
X0101 1.0
00101 1.0
XX100 1.0
00101 1.0
00001 1.0
0X101 1.0
00101 1.0
00101 1.0
0010X 1.0
00100 1.0
10111 0.125
10101 0.125
10111 0.125
10101 0.125
00111 0.125
00101 0.125
00101 0.125
00111 0.125
00101 1.0
00100 1.0
00101 1.0
00101 1.0
00101 1.0
00X01 1.0
X0101 1.0
0010X 1.0
10101 1.0
00101 1.0
00101 1.0
10101 1.0
X0100 1.0
00101 1.0
00101 1.0
00101 1.0
00100 1.0
X0101 1.0
1010X 1.0
00101 1.0
0010X 1.0
X0100 1.0
10100 1.0
0X1X0 0.25
0X1X1 0.25
0X1X0 0.25
0X1X1 0.25
00101 0.25
00001 0.25
00101 0.25
00001 0.25
00100 0.5
00100 0.5
10101 1.0
00101 1.0
0010X 1.0
00101 1.0
00101 1.0
00101 1.0
1011X 1.0
X010X 1.0
0010X 1.0
X0101 1.0
0010X 1.0
X010X 1.0
00101 0.25
00100 0.25
00100 0.25
00101 0.25
00101 1.0
0010X 1.0
X0100 1.0
00101 1.0
10101 1.0
00101 1.0
00101 1.0
00101 1.0
00100 1.0
10100 1.0
00101 1.0
00100 1.0
0010X 1.0
00101 1.0
00101 1.0
00101 1.0
10100 1.0
00100 1.0
00100 0.5
00100 0.5
00100 1.0
00100 1.0
00101 1.0
00100 1.0
0010X 1.0
00101 1.0
00101 1.0
00101 1.0
1010X 1.0
00100 1.0
00101 1.0
00100 1.0
10111 1.0
1010X 1.0
00100 1.0
0010X 1.0
00101 1.0
10101 1.0
00100 1.0
10101 1.0
10101 1.0
00111 1.0
00101 1.0
0010X 1.0
X0101 1.0
0010X 1.0
00101 1.0
0010X 1.0
00101 1.0
0010X 1.0
0010X 1.0
0010X 1.0
00101 1.0
X010X 1.0
X0100 1.0
00100 1.0
10101 1.0
0010X 1.0
00101 1.0
10001 0.5
10101 0.5
0010X 1.0
1X111 1.0
1010X 1.0
00101 1.0
00101 1.0
00101 1.0
X0101 1.0
00001 1.0
00101 1.0
0010X 1.0
00101 1.0
10101 1.0
X0101 1.0
10100 1.0
00100 1.0
X0101 1.0
10100 1.0
00100 1.0
00000 0.5
00000 0.5
00100 0.5
00100 0.5
00101 1.0
00100 1.0
00100 1.0
00101 1.0
00101 1.0
00101 1.0
00100 1.0
00000 1.0
10101 1.0
00100 1.0
00101 1.0
00101 1.0
00101 1.0
0010X 1.0
00101 1.0
00101 1.0
1X1X1 1.0
00101 1.0
0X1XX 1.0
01111 1.0
00101 1.0
00100 1.0
00101 1.0
00101 1.0
00101 1.0
00100 1.0
00101 0.25
00101 0.25
00101 0.25
00101 0.25
00101 1.0
00101 1.0
00100 1.0
00101 1.0
00100 1.0
00100 1.0
00101 1.0
1010X 1.0
00X01 1.0
00101 1.0
10101 0.5
10101 0.5
00101 1.0
00101 1.0
X0101 1.0
00101 1.0
00100 0.5
00100 0.5
00101 1.0
00100 1.0
00101 1.0
00101 1.0
00100 1.0
00101 1.0
00101 1.0
00101 1.0
00100 0.5
00100 0.5
00101 1.0
00101 1.0
00101 1.0
00100 1.0
00101 1.0
00001 1.0
00101 1.0
00101 1.0
0010X 1.0
00101 1.0
00100 0.5
00100 0.5
00101 1.0
00101 1.0
00101 1.0
00101 1.0
10101 1.0
00101 1.0
00101 1.0
10101 1.0
X0101 1.0
00100 1.0
00101 1.0
00101 1.0
00101 1.0
X0101 1.0
00100 1.0
00100 1.0
00101 1.0
00100 1.0
10101 1.0
00101 1.0
00101 0.5
00101 0.5
00100 1.0
00100 1.0
00101 1.0
00100 1.0
00101 1.0
00101 1.0
00000 0.125
00000 0.125
00000 0.125
00000 0.125
00000 0.125
00000 0.125
00000 0.125
00000 0.125
00101 1.0
00001 1.0
00101 1.0
00101 1.0
00101 1.0
00101 1.0
00101 1.0
00100 1.0
00101 1.0
00101 1.0
00101 1.0
X0101 1.0
00101 1.0
X0101 1.0
00101 1.0
00101 1.0
00101 1.0
00100 1.0
00101 1.0
00101 1.0
00101 1.0
00000 1.0
10101 1.0
00101 1.0
00100 1.0
10111 1.0
00101 1.0
00101 1.0
00101 1.0
00100 1.0
00101 1.0
00101 1.0
00101 1.0
X0101 1.0
00101 1.0
00100 1.0
00101 1.0
00101 1.0
00101 1.0
00100 1.0
10101 1.0
X0100 1.0
0010X 1.0
00100 1.0
00101 1.0
00100 1.0
00100 1.0
10101 1.0
00101 1.0
00101 1.0
00101 1.0
00101 1.0
00101 1.0
00101 1.0
10101 1.0
10100 1.0
00101 1.0
00101 1.0
00101 1.0
X0101 1.0
00000 1.0
00100 1.0
00000 1.0
00101 1.0
X0101 1.0
00101 1.0
10101 1.0
10100 1.0
10101 1.0
X0101 1.0
10101 1.0
00101 1.0
00000 1.0
XX101 1.0
X0101 1.0
00101 1.0
0010X 1.0
XX101 1.0
0010X 1.0
00101 1.0
11111 1.0
00101 1.0
00101 1.0
10101 1.0
00101 1.0
00101 1.0
00101 1.0
00101 1.0
X0101 1.0
00101 1.0
0010X 1.0
X1101 1.0
00000 0.5
00100 0.5
00101 1.0
00101 1.0
00100 1.0
10101 1.0
10111 1.0
00100 1.0
00101 1.0
00101 1.0
00101 1.0
00101 1.0
00101 1.0
00101 1.0
00100 1.0
10101 1.0
00100 1.0
00100 1.0
00101 1.0
X0101 1.0
00101 1.0
00100 1.0
00101 1.0
00101 1.0
00100 1.0
00101 1.0
00100 1.0
00101 1.0
00101 1.0
10101 1.0
11111 1.0
00100 1.0
10101 1.0
X0111 1.0
11111 1.0
00101 1.0
00101 1.0
00100 1.0
10111 1.0
00101 1.0
0000X 1.0
00101 1.0
00X01 1.0
11111 1.0
00101 1.0
X0101 1.0
00101 0.25
00101 0.25
00101 0.25
00101 0.25
00101 1.0
00000 0.5
00000 0.5
00101 1.0
00100 1.0
0010X 1.0
00101 1.0
00101 1.0
