455
5
11111 1.0
11111 1.0
11111 1.0
X1111 0.5
X1111 0.5
11011 0.5
11011 0.5
11111 0.25
11111 0.25
11111 0.25
11111 0.25
11X11 1.0
11011 1.0
1101X 1.0
X1111 1.0
10111 1.0
11111 1.0
1101X 1.0
X1X11 1.0
11111 1.0
X1111 1.0
1X111 1.0
11110 1.0
11111 1.0
10110 1.0
11111 1.0
11111 0.5
11111 0.5
11X11 1.0
11111 1.0
10110 1.0
00000 1.0
11011 1.0
11010 1.0
11111 1.0
1111X 0.5
1111X 0.5
11011 1.0
11011 1.0
11111 1.0
11111 1.0
11011 1.0
11111 1.0
11011 1.0
11011 1.0
11X11 1.0
11111 1.0
11X11 1.0
11011 1.0
11X11 1.0
11111 1.0
11111 1.0
11X11 1.0
10100 1.0
11111 1.0
11010 1.0
11111 1.0
10X11 1.0
11111 1.0
11111 0.125
11111 0.125
11111 0.125
11111 0.125
11111 0.125
11111 0.125
11111 0.125
11111 0.125
11111 1.0
11111 1.0
11X10 1.0
11110 1.0
10111 1.0
101X0 1.0
11111 1.0
11X11 1.0
11011 1.0
11110 1.0
11111 1.0
11111 1.0
1XX1X 1.0
11111 1.0
11011 1.0
11111 1.0
11010 1.0
11111 1.0
11111 1.0
10111 1.0
11111 1.0
10011 1.0
11011 1.0
10111 0.25
10111 0.25
10111 0.25
10111 0.25
11111 0.25
11101 0.25
01111 0.25
01101 0.25
11111 0.5
11111 0.5
11X10 1.0
10111 1.0
11111 1.0
1011X 1.0
11111 1.0
11111 1.0
11111 1.0
11111 1.0
1011X 1.0
1X01X 1.0
1X11X 1.0
11111 1.0
11011 0.25
11011 0.25
11011 0.25
11011 0.25
11111 1.0
11011 1.0
11111 1.0
10111 1.0
11111 1.0
10111 1.0
1011X 1.0
11111 1.0
11X11 1.0
11111 1.0
1X01X 1.0
11111 1.0
1001X 1.0
11X11 1.0
11111 1.0
11111 1.0
1X11X 1.0
10010 1.0
01111 0.5
11111 0.5
1X111 1.0
10110 1.0
11111 1.0
0X011 1.0
11111 1.0
10111 1.0
1111X 1.0
11111 1.0
11111 1.0
1X011 1.0
11111 1.0
10110 1.0
11111 1.0
11111 1.0
11011 1.0
11111 1.0
10111 1.0
11011 1.0
11011 1.0
11X11 1.0
11111 1.0
11111 1.0
11111 1.0
11111 1.0
11110 1.0
1011X 1.0
11110 1.0
1X111 1.0
1X110 1.0
1111X 1.0
11111 1.0
10110 1.0
11011 1.0
11111 1.0
10010 1.0
11111 1.0
11111 1.0
1011X 1.0
10010 1.0
1X101 0.5
1X111 0.5
X1X11 1.0
1X111 1.0
1X111 1.0
1X111 1.0
X0110 1.0
11111 1.0
11X11 1.0
10000 1.0
11X11 1.0
11011 1.0
1X111 1.0
11111 1.0
01111 1.0
1X111 1.0
10111 1.0
11111 1.0
1011X 1.0
10110 1.0
10X00 0.5
10X00 0.5
10111 0.5
10111 0.5
10110 1.0
X0010 1.0
11X11 1.0
11111 1.0
11111 1.0
11X1X 1.0
X0010 1.0
10000 1.0
1X110 1.0
11111 1.0
11111 1.0
11110 1.0
11X11 1.0
10010 1.0
00110 1.0
11011 1.0
1X111 1.0
11011 1.0
11111 1.0
11111 1.0
11111 1.0
11111 1.0
1X111 1.0
11X10 1.0
11110 1.0
10010 1.0
10011 0.25
10111 0.25
10011 0.25
10111 0.25
11111 1.0
11X11 1.0
10110 1.0
11111 1.0
10110 1.0
11111 1.0
11111 1.0
10110 1.0
111X1 1.0
11111 1.0
11111 0.5
11111 0.5
11111 1.0
11111 1.0
11111 1.0
11111 1.0
01111 0.5
11111 0.5
10010 1.0
11011 1.0
11011 1.0
1X11X 1.0
10011 1.0
11111 1.0
1XX11 1.0
11111 1.0
11111 0.5
11111 0.5
11111 1.0
11110 1.0
X1X1X 1.0
11111 1.0
11111 1.0
10100 1.0
11111 1.0
11011 1.0
11X11 1.0
11111 1.0
01110 0.5
00110 0.5
11111 1.0
11111 1.0
11X11 1.0
11111 1.0
11111 1.0
10111 1.0
10110 1.0
1111X 1.0
11111 1.0
11111 1.0
11111 1.0
11111 1.0
11011 1.0
11X11 1.0
10010 1.0
11111 1.0
11110 1.0
11011 1.0
11111 1.0
11111 1.0
11111 0.5
11111 0.5
11111 1.0
10111 1.0
11111 1.0
10110 1.0
11111 1.0
11111 1.0
10100 0.125
00100 0.125
10100 0.125
00100 0.125
00100 0.125
10100 0.125
10100 0.125
00100 0.125
11111 1.0
10000 1.0
11111 1.0
11110 1.0
11111 1.0
11111 1.0
11111 1.0
11111 1.0
11111 1.0
11111 1.0
11110 1.0
11X10 1.0
00110 1.0
01111 1.0
11111 1.0
11111 1.0
10111 1.0
10010 1.0
11011 1.0
11111 1.0
11111 1.0
10000 1.0
11111 1.0
11X11 1.0
11010 1.0
11111 1.0
11111 1.0
11111 1.0
11111 1.0
10X10 1.0
11111 1.0
11011 1.0
1X111 1.0
11X11 1.0
1101X 1.0
11111 1.0
11111 1.0
11111 1.0
11111 1.0
11011 1.0
11111 1.0
10X10 1.0
11111 1.0
11111 1.0
11111 1.0
11111 1.0
11111 1.0
1X11X 1.0
1011X 1.0
11111 1.0
1011X 1.0
1X11X 1.0
11111 1.0
11111 1.0
11111 1.0
10110 1.0
10110 1.0
01011 1.0
11111 1.0
11111 1.0
10100 1.0
10011 1.0
10100 1.0
11111 1.0
11X11 1.0
11111 1.0
11111 1.0
11111 1.0
11X11 1.0
11111 1.0
11111 1.0
11111 1.0
00X00 1.0
1X110 1.0
11111 1.0
11X11 1.0
11011 1.0
11111 1.0
10110 1.0
11X11 1.0
11111 1.0
1X110 1.0
11111 1.0
1X111 1.0
11111 1.0
11111 1.0
11111 1.0
11111 1.0
11X11 1.0
10X1X 1.0
11X11 1.0
11111 1.0
10X0X 0.5
10X1X 0.5
11111 1.0
11111 1.0
1XX1X 1.0
11110 1.0
XX11X 1.0
10010 1.0
11111 1.0
11111 1.0
11111 1.0
1001X 1.0
10010 1.0
11111 1.0
11111 1.0
1111X 1.0
11111 1.0
11111 1.0
11110 1.0
11X11 1.0
11111 1.0
11111 1.0
11X11 1.0
01011 1.0
1111X 1.0
1X111 1.0
11111 1.0
11111 1.0
1X11X 1.0
11111 1.0
11011 1.0
X0X10 1.0
10111 1.0
1X111 1.0
11111 1.0
01110 1.0
10010 1.0
11111 1.0
1X111 1.0
11111 1.0
10X0X 1.0
11111 1.0
101X0 1.0
11111 1.0
1XX10 1.0
10X1X 1.0
11111 0.25
11111 0.25
11111 0.25
11111 0.25
1XX10 1.0
00000 0.5
00000 0.5
10110 1.0
11111 1.0
10111 1.0
11111 1.0
11111 1.0
