455
7
1111111 1.0
000X100 1.0
0000100 1.0
0000100 0.5
0110111 0.5
0000000 0.5
0001000 0.5
0110111 0.25
0110111 0.25
0110111 0.25
0110111 0.25
000XX00 1.0
0000000 1.0
X001000 1.0
0001100 1.0
100X100 1.0
XXX11XX 1.0
0000000 1.0
0110X11 1.0
0001100 1.0
0001100 1.0
1001100 1.0
0000100 1.0
0000100 1.0
0000100 1.0
X000100 1.0
1111111 0.5
1110111 0.5
0000X00 1.0
000X100 1.0
000X100 1.0
0000000 1.0
0110011 1.0
0000000 1.0
0000100 1.0
0000100 0.5
0000100 0.5
0000000 1.0
0110011 1.0
0110111 1.0
0001100 1.0
0000000 1.0
0000100 1.0
0000000 1.0
0000000 1.0
0000X00 1.0
0111111 1.0
0000X00 1.0
0000000 1.0
000XX00 1.0
0000100 1.0
011X111 1.0
0000X00 1.0
0000100 1.0
0110111 1.0
0000000 1.0
0110111 1.0
0000X00 1.0
0000100 1.0
1111111 0.125
0111111 0.125
1111111 0.125
0111111 0.125
1110111 0.125
0110111 0.125
0110111 0.125
1110111 0.125
0000100 1.0
0000100 1.0
0000X00 1.0
0000100 1.0
0000100 1.0
0000100 1.0
000X100 1.0
0000X00 1.0
0111011 1.0
0000100 1.0
0110111 1.0
0111111 1.0
000XX00 1.0
0110111 1.0
0000000 1.0
0110111 1.0
0000000 1.0
000X100 1.0
0XX11XX 1.0
0000100 1.0
0XX01XX 1.0
000X000 1.0
0001000 1.0
X000100 0.25
X000100 0.25
X000100 0.25
X000100 0.25
0000100 0.25
0000100 0.25
0000100 0.25
0000100 0.25
0000100 0.5
0000100 0.5
0001X00 1.0
0000100 1.0
0XX01XX 1.0
0000100 1.0
0000100 1.0
0000100 1.0
1001100 1.0
000X100 1.0
0XX01XX 1.0
000X000 1.0
0XX01XX 1.0
0XXX1XX 1.0
0000000 0.25
0000000 0.25
0000000 0.25
0000000 0.25
0110111 1.0
0XX00XX 1.0
000X100 1.0
0000100 1.0
0001100 1.0
0XX01XX 1.0
0000100 1.0
0000100 1.0
0000X00 1.0
0001100 1.0
0000000 1.0
0000100 1.0
0XX00XX 1.0
0110X11 1.0
0000100 1.0
0110111 1.0
0XX11XX 1.0
0000000 1.0
0000100 0.5
0000100 0.5
0XX01XX 1.0
0XX01XX 1.0
0000100 1.0
0XX00XX 1.0
0XX01XX 1.0
0XX01XX 1.0
0XX01XX 1.0
0000100 1.0
0XX11XX 1.0
0XX00XX 1.0
0XX01XX 1.0
0000100 1.0
1001100 1.0
0XX11XX 1.0
0XX00XX 1.0
0000100 1.0
0000100 1.0
0001000 1.0
0000000 1.0
0111X11 1.0
0001100 1.0
1XX01XX 1.0
0000100 1.0
0000100 1.0
000X100 1.0
0000100 1.0
0000100 1.0
0XX01XX 1.0
0XX01XX 1.0
0000100 1.0
0XX01XX 1.0
0XX01XX 1.0
0110011 1.0
0XXX1XX 1.0
000X000 1.0
0XX01XX 1.0
0XX11XX 1.0
0XX01XX 1.0
0110011 1.0
0111111 0.5
0111111 0.5
0000X00 1.0
1XX11XX 1.0
0XX11XX 1.0
0XX01XX 1.0
0XX01XX 1.0
0110111 1.0
000XX00 1.0
0110011 1.0
0XX0XXX 1.0
0000000 1.0
0XX01XX 1.0
0001100 1.0
011X111 1.0
0111111 1.0
0110111 1.0
0XXX1XX 1.0
0XX11XX 1.0
0XX01XX 1.0
0000X00 0.5
0000X00 0.5
0XX01XX 0.5
0XX01XX 0.5
0000100 1.0
0000000 1.0
0110X11 1.0
0110111 1.0
0XX01XX 1.0
0000X00 1.0
0000000 1.0
0000000 1.0
0001100 1.0
0000100 1.0
0110111 1.0
0000100 1.0
0000X00 1.0
0000000 1.0
0000100 1.0
0000000 1.0
X001100 1.0
0110011 1.0
X110111 1.0
1110111 1.0
0000100 1.0
0000100 1.0
0000100 1.0
0000X00 1.0
0000100 1.0
0000000 1.0
0110011 0.25
0110111 0.25
0110011 0.25
0110111 0.25
0110111 1.0
0110X11 1.0
0000100 1.0
0000100 1.0
0000100 1.0
0000100 1.0
0000100 1.0
0001100 1.0
0000100 1.0
0000100 1.0
0111111 0.5
0111111 0.5
0000100 1.0
0000100 1.0
000X100 1.0
0000100 1.0
0000100 0.5
0000100 0.5
0000000 1.0
0000000 1.0
0000000 1.0
0000100 1.0
0000000 1.0
0000100 1.0
0000X00 1.0
0000100 1.0
0000100 0.5
0000100 0.5
0000100 1.0
0000100 1.0
0000X00 1.0
0000100 1.0
0110111 1.0
0110111 1.0
0110111 1.0
0110011 1.0
0000X00 1.0
0000100 1.0
0000100 0.5
0000100 0.5
0000100 1.0
0000100 1.0
0110X11 1.0
0000100 1.0
0001100 1.0
0110111 1.0
0000100 1.0
0111111 1.0
000X100 1.0
0000100 1.0
0000100 1.0
0110111 1.0
0000000 1.0
000XX00 1.0
0000000 1.0
0000100 1.0
0110111 1.0
0000000 1.0
0001100 1.0
0000100 1.0
0110111 0.5
0000100 0.5
0000100 1.0
0110111 1.0
0000100 1.0
0000100 1.0
0000100 1.0
0000100 1.0
0000100 0.125
0000100 0.125
0000100 0.125
0000100 0.125
0000100 0.125
0000100 0.125
0000100 0.125
0000100 0.125
0000100 1.0
0000000 1.0
0110111 1.0
0000100 1.0
0110111 1.0
0110111 1.0
0000100 1.0
0000100 1.0
0000100 1.0
0000100 1.0
0000100 1.0
000XX00 1.0
0000100 1.0
011X111 1.0
0000100 1.0
0000100 1.0
0110111 1.0
0000000 1.0
0110011 1.0
0000100 1.0
0000100 1.0
0000000 1.0
0001100 1.0
0000X00 1.0
0110011 1.0
1111111 1.0
0000100 1.0
0110111 1.0
0110111 1.0
0000X00 1.0
0110111 1.0
0000000 1.0
0XX01XX 1.0
000XX00 1.0
0110011 1.0
0110111 1.0
0000100 1.0
0110111 1.0
0110111 1.0
0000000 1.0
0111111 1.0
000XX00 1.0
0110111 1.0
0000100 1.0
0000100 1.0
0110111 1.0
0000100 1.0
0XX11XX 1.0
0110111 1.0
0110111 1.0
0000100 1.0
0000100 1.0
0110111 1.0
0000100 1.0
0001100 1.0
0111111 1.0
0000100 1.0
0000000 1.0
0000100 1.0
011X111 1.0
0110111 1.0
0000000 1.0
0000100 1.0
0110111 1.0
000XX00 1.0
0000100 1.0
0111111 1.0
0001100 1.0
0111X11 1.0
011X111 1.0
0111111 1.0
0XX01XX 1.0
0110X11 1.0
011X111 1.0
000X100 1.0
0000X00 1.0
0000000 1.0
000X100 1.0
0000100 1.0
0110X11 1.0
1001100 1.0
0000100 1.0
0110111 1.0
0XX11XX 1.0
0000100 1.0
0000100 1.0
0000100 1.0
0110111 1.0
000XX00 1.0
0110X11 1.0
0110X11 1.0
0XXX1XX 1.0
0110X11 0.5
0110X11 0.5
0000100 1.0
0000100 1.0
0000X00 1.0
0001100 1.0
1001100 1.0
0000000 1.0
0000100 1.0
0000100 1.0
0000100 1.0
0000000 1.0
0000000 1.0
0000100 1.0
0000100 1.0
0001100 1.0
0000100 1.0
0000100 1.0
0000100 1.0
000XX00 1.0
0000100 1.0
0000100 1.0
0000X00 1.0
0000000 1.0
0000100 1.0
0000100 1.0
0000100 1.0
0000100 1.0
0000100 1.0
0001100 1.0
1001000 1.0
0000X00 1.0
0111111 1.0
100X100 1.0
1111111 1.0
0000100 1.0
0000000 1.0
0110111 1.0
1001100 1.0
0000100 1.0
0000X00 1.0
0000100 1.0
0000100 1.0
1111111 1.0
0000X00 1.0
000XX00 1.0
0000100 0.25
0000100 0.25
0000100 0.25
0000100 0.25
0000X00 1.0
0000000 0.5
0000000 0.5
0000100 1.0
0000100 1.0
0XX01XX 1.0
0000100 1.0
0110111 1.0
