455
5
11X10 1.0
00010 1.0
00110 1.0
10XX0 0.5
10XX0 0.5
00110 0.5
00110 0.5
10011 0.25
10011 0.25
10011 0.25
10011 0.25
00110 1.0
10111 1.0
1X110 1.0
10XX0 1.0
10111 1.0
10110 1.0
10111 1.0
101X0 1.0
10110 1.0
10XX0 1.0
1XX10 1.0
10110 1.0
00110 1.0
00110 1.0
1X110 1.0
11110 0.5
11110 0.5
10110 1.0
10111 1.0
10111 1.0
00000 1.0
10111 1.0
10111 1.0
X0110 1.0
00110 0.5
00110 0.5
10111 1.0
10111 1.0
10111 1.0
10110 1.0
10111 1.0
00110 1.0
10111 1.0
10111 1.0
10010 1.0
10110 1.0
00111 1.0
10111 1.0
10111 1.0
10110 1.0
1X111 1.0
00110 1.0
10111 1.0
1X110 1.0
10111 1.0
10110 1.0
00110 1.0
10111 1.0
10110 0.125
10110 0.125
10110 0.125
10110 0.125
10110 0.125
10110 0.125
10110 0.125
10110 0.125
10110 1.0
00110 1.0
00111 1.0
10110 1.0
00110 1.0
X0110 1.0
00110 1.0
10111 1.0
10111 1.0
10110 1.0
10110 1.0
10110 1.0
10111 1.0
00111 1.0
00111 1.0
10110 1.0
00111 1.0
00111 1.0
00110 1.0
00111 1.0
0011X 1.0
10111 1.0
10111 1.0
0X111 0.25
0X111 0.25
0X111 0.25
0X111 0.25
10111 0.25
10111 0.25
10101 0.25
10101 0.25
10111 0.5
10111 0.5
10110 1.0
10111 1.0
00110 1.0
10111 1.0
00110 1.0
00110 1.0
00110 1.0
00110 1.0
00111 1.0
00111 1.0
00110 1.0
10110 1.0
1011X 0.25
1011X 0.25
1011X 0.25
1011X 0.25
00110 1.0
00110 1.0
X0110 1.0
10110 1.0
10111 1.0
00111 1.0
10110 1.0
10110 1.0
00111 1.0
00110 1.0
10111 1.0
00110 1.0
00110 1.0
10011 1.0
10010 1.0
00111 1.0
00110 1.0
10111 1.0
00100 0.5
00110 0.5
00110 1.0
00111 1.0
10110 1.0
00100 1.0
00110 1.0
00110 1.0
00110 1.0
10110 1.0
00110 1.0
X0110 1.0
00111 1.0
00111 1.0
10110 1.0
00110 1.0
00110 1.0
10110 1.0
00110 1.0
00111 1.0
10111 1.0
10110 1.0
X0111 1.0
00111 1.0
0011X 1.0
10111 1.0
00110 1.0
0011X 1.0
10110 1.0
X0110 1.0
00110 1.0
10110 1.0
10110 1.0
00111 1.0
10111 1.0
00111 1.0
10111 1.0
00110 1.0
00110 1.0
00110 1.0
00111 1.0
10111 0.5
10111 0.5
001XX 1.0
XX110 1.0
00111 1.0
00111 1.0
001XX 1.0
10110 1.0
X0110 1.0
10011 1.0
00111 1.0
X0110 1.0
00110 1.0
00111 1.0
10001 1.0
10111 1.0
10110 1.0
10110 1.0
00111 1.0
00110 1.0
00110 0.5
00110 0.5
X0110 0.5
X0110 0.5
10111 1.0
10XX0 1.0
00110 1.0
10110 1.0
00110 1.0
00111 1.0
00XX0 1.0
10110 1.0
X011X 1.0
10110 1.0
10111 1.0
00110 1.0
10110 1.0
10111 1.0
10000 1.0
00110 1.0
1X111 1.0
10111 1.0
1X111 1.0
11111 1.0
10110 1.0
00110 1.0
00110 1.0
00110 1.0
00111 1.0
10111 1.0
10111 0.25
10111 0.25
10111 0.25
10111 0.25
10111 1.0
10111 1.0
00110 1.0
00110 1.0
10111 1.0
00110 1.0
00110 1.0
00111 1.0
10110 1.0
00110 1.0
10111 0.5
10111 0.5
00111 1.0
00111 1.0
X0110 1.0
10111 1.0
00100 0.5
00110 0.5
00111 1.0
00110 1.0
10111 1.0
00110 1.0
00110 1.0
10110 1.0
10110 1.0
10110 1.0
00110 0.5
00110 0.5
00110 1.0
00110 1.0
001X0 1.0
10110 1.0
00110 1.0
X0110 1.0
00110 1.0
10111 1.0
10110 1.0
00110 1.0
10101 0.5
10101 0.5
10110 1.0
00110 1.0
10111 1.0
10110 1.0
10110 1.0
10110 1.0
X0110 1.0
10110 1.0
10111 1.0
00110 1.0
10110 1.0
10110 1.0
10111 1.0
00110 1.0
00111 1.0
00110 1.0
10110 1.0
00X10 1.0
10X1X 1.0
10110 1.0
10111 0.5
10111 0.5
10110 1.0
10111 1.0
10110 1.0
10111 1.0
X0110 1.0
10110 1.0
00011 0.125
00001 0.125
00010 0.125
00000 0.125
00101 0.125
00110 0.125
00111 0.125
00100 0.125
00110 1.0
00111 1.0
10110 1.0
10111 1.0
10110 1.0
00110 1.0
10110 1.0
00110 1.0
00111 1.0
10110 1.0
10110 1.0
10X11 1.0
00100 1.0
10X00 1.0
10111 1.0
00110 1.0
10110 1.0
00111 1.0
10110 1.0
00110 1.0
10110 1.0
00111 1.0
10110 1.0
00110 1.0
10111 1.0
10110 1.0
1011X 1.0
10110 1.0
10110 1.0
00111 1.0
X0110 1.0
00110 1.0
10110 1.0
10111 1.0
00110 1.0
10110 1.0
10110 1.0
10110 1.0
10110 1.0
10110 1.0
10X10 1.0
00011 1.0
10110 1.0
10110 1.0
10110 1.0
10111 1.0
00110 1.0
10110 1.0
10110 1.0
10110 1.0
00111 1.0
X0111 1.0
10110 1.0
10110 1.0
10110 1.0
10110 1.0
10111 1.0
00000 1.0
10110 1.0
10110 1.0
10110 1.0
00111 1.0
10110 1.0
10110 1.0
10111 1.0
00111 1.0
10111 1.0
10110 1.0
10110 1.0
10110 1.0
10111 1.0
10110 1.0
00000 1.0
0X111 1.0
00111 1.0
10110 1.0
00111 1.0
1X110 1.0
00110 1.0
10111 1.0
01111 1.0
00110 1.0
10111 1.0
00111 1.0
00111 1.0
10110 1.0
00110 1.0
10110 1.0
10110 1.0
10110 1.0
10111 1.0
11110 1.0
10110 0.5
10110 0.5
10110 1.0
10110 1.0
0011X 1.0
10110 1.0
10XX0 1.0
00110 1.0
00110 1.0
00110 1.0
00110 1.0
00111 1.0
10111 1.0
10110 1.0
10111 1.0
0011X 1.0
10110 1.0
00110 1.0
00110 1.0
10110 1.0
00110 1.0
10111 1.0
10111 1.0
10101 1.0
00110 1.0
0011X 1.0
10110 1.0
10110 1.0
10110 1.0
10111 1.0
0111X 1.0
001X0 1.0
10110 1.0
10110 1.0
11110 1.0
00101 1.0
10110 1.0
10110 1.0
1011X 1.0
10110 1.0
00010 1.0
X011X 1.0
00X10 1.0
11110 1.0
00010 1.0
0011X 1.0
00X10 0.25
10X10 0.25
00X10 0.25
10X10 0.25
00X10 1.0
00000 0.5
00000 0.5
10110 1.0
00110 1.0
10110 1.0
10110 1.0
10111 1.0
