455
7
1111111 1.0
110X110 1.0
1100110 1.0
1110110 0.5
1110110 0.5
1110110 0.5
1111110 0.5
1100110 0.25
1110110 0.25
1100110 0.25
1110110 0.25
11XX110 1.0
1110110 1.0
111111X 1.0
1111110 1.0
111X110 1.0
11X1110 1.0
1110110 1.0
1110110 1.0
1111110 1.0
1111110 1.0
111111X 1.0
1110110 1.0
1110110 1.0
1100110 1.0
111011X 1.0
11X1111 0.5
11X0111 0.5
1110110 1.0
111X110 1.0
111X110 1.0
0000000 1.0
1100110 1.0
1110110 1.0
1110110 1.0
1110110 0.5
1110110 0.5
1110110 1.0
1100110 1.0
1100110 1.0
1111110 1.0
1110110 1.0
1110110 1.0
1100110 1.0
1110110 1.0
1110110 1.0
1111110 1.0
1100110 1.0
1110110 1.0
111X110 1.0
1110110 1.0
110X11X 1.0
1110110 1.0
0010000 1.0
111011X 1.0
1110110 1.0
1110110 1.0
11X0110 1.0
1100110 1.0
1111110 0.125
1111110 0.125
1111110 0.125
1111110 0.125
1110110 0.125
1110110 0.125
1110110 0.125
1110110 0.125
1110110 1.0
1100110 1.0
1110110 1.0
1110110 1.0
1110110 1.0
XX10XX0 1.0
111X110 1.0
11X0110 1.0
1111110 1.0
1110110 1.0
1110110 1.0
1111110 1.0
110X110 1.0
1110110 1.0
1110110 1.0
1110110 1.0
1100110 1.0
111X110 1.0
11X1110 1.0
1110110 1.0
11X0110 1.0
110X110 1.0
1101110 1.0
110011X 0.25
111011X 0.25
110011X 0.25
111011X 0.25
1110110 0.25
0010000 0.25
1110110 0.25
0010000 0.25
1100110 0.5
1100110 0.5
1111110 1.0
1110110 1.0
11X0110 1.0
1110110 1.0
1110110 1.0
1110110 1.0
11X1110 1.0
11XX110 1.0
11X0110 1.0
111X110 1.0
11X0110 1.0
11XX110 1.0
1110110 0.25
1100110 0.25
1100110 0.25
1110110 0.25
1110110 1.0
11X0110 1.0
110X110 1.0
1110110 1.0
1111110 1.0
1110110 1.0
1110110 1.0
1110110 1.0
1100110 1.0
1101110 1.0
1110110 1.0
1100110 1.0
11X0110 1.0
1110110 1.0
1110110 1.0
1110110 1.0
1101110 1.0
1100110 1.0
1100110 0.5
1100110 0.5
1100110 1.0
1100110 1.0
1110110 1.0
1100110 1.0
11X0110 1.0
1110110 1.0
1110110 1.0
1110110 1.0
11X1110 1.0
1100110 1.0
1110110 1.0
1100110 1.0
1111110 1.0
11X1110 1.0
1100110 1.0
11X0110 1.0
1110110 1.0
1111110 1.0
1100110 1.0
1111110 1.0
1111110 1.0
1110110 1.0
1110110 1.0
11X0110 1.0
111X110 1.0
11X0110 1.0
1110110 1.0
11X0110 1.0
1110110 1.0
11X0110 1.0
11X0110 1.0
11X0110 1.0
1110110 1.0
11XX110 1.0
110X110 1.0
1100110 1.0
1111110 1.0
11X0110 1.0
1110110 1.0
0011000 0.5
1111110 0.5
11X0110 1.0
111111X 1.0
11X1110 1.0
1110110 1.0
1110110 1.0
1110110 1.0
111X110 1.0
0010000 1.0
1110110 1.0
11X0110 1.0
1110110 1.0
1111110 1.0
111X110 1.0
1101110 1.0
1100110 1.0
111X110 1.0
1101110 1.0
1100110 1.0
0000000 0.5
0000000 0.5
1100110 0.5
1100110 0.5
1110110 1.0
1100110 1.0
1100110 1.0
1110110 1.0
1110110 1.0
1110110 1.0
1100110 1.0
0000000 1.0
1111110 1.0
1100110 1.0
1110110 1.0
1110110 1.0
1110110 1.0
11X0110 1.0
1110110 1.0
1110110 1.0
111111X 1.0
1110110 1.0
11X011X 1.0
1110111 1.0
1110110 1.0
1100110 1.0
1110110 1.0
1110110 1.0
1110110 1.0
1100110 1.0
1110110 0.25
1110110 0.25
1110110 0.25
1110110 0.25
1110110 1.0
1110110 1.0
1100110 1.0
1110110 1.0
1100110 1.0
1100110 1.0
1110110 1.0
11X1110 1.0
XX10XX0 1.0
1110110 1.0
1111110 0.5
1111110 0.5
1110110 1.0
1110110 1.0
111X110 1.0
1110110 1.0
1100110 0.5
1100110 0.5
1110110 1.0
1100110 1.0
1110110 1.0
1110110 1.0
1100110 1.0
1110110 1.0
1110110 1.0
1110110 1.0
1100110 0.5
1100110 0.5
1110110 1.0
1110110 1.0
1110110 1.0
1100110 1.0
1110110 1.0
0010000 1.0
1110110 1.0
1110110 1.0
11X0110 1.0
1110110 1.0
1100110 0.5
1100110 0.5
1110110 1.0
1110110 1.0
1110110 1.0
1110110 1.0
1111110 1.0
1110110 1.0
1110110 1.0
1111110 1.0
111X110 1.0
1100110 1.0
1110110 1.0
1110110 1.0
1110110 1.0
111X110 1.0
1100110 1.0
1100110 1.0
1110110 1.0
1100110 1.0
1111110 1.0
1110110 1.0
1110110 0.5
1110110 0.5
1100110 1.0
1100110 1.0
1110110 1.0
1100110 1.0
1110110 1.0
1110110 1.0
0000000 0.125
0000000 0.125
0000000 0.125
0000000 0.125
0000000 0.125
0000000 0.125
0000000 0.125
0000000 0.125
1110110 1.0
0010000 1.0
1110110 1.0
1110110 1.0
1110110 1.0
1110110 1.0
1110110 1.0
1100110 1.0
1110110 1.0
1110110 1.0
1110110 1.0
111X110 1.0
1110110 1.0
111X110 1.0
1110110 1.0
1110110 1.0
1110110 1.0
1100110 1.0
1110110 1.0
1110110 1.0
1110110 1.0
0000000 1.0
1111110 1.0
1110110 1.0
1100110 1.0
1111110 1.0
1110110 1.0
1110110 1.0
1110110 1.0
1100110 1.0
1110110 1.0
1110110 1.0
1110110 1.0
111X110 1.0
1110110 1.0
1100110 1.0
1110110 1.0
1110110 1.0
1110110 1.0
1100110 1.0
1111110 1.0
110X110 1.0
11X0110 1.0
1100110 1.0
1110110 1.0
1100110 1.0
1100110 1.0
1111110 1.0
1110110 1.0
1110110 1.0
1110110 1.0
1110110 1.0
1110110 1.0
1110110 1.0
1111110 1.0
1101110 1.0
1110110 1.0
1110110 1.0
1110110 1.0
111X110 1.0
0000000 1.0
1100110 1.0
0000000 1.0
1110110 1.0
111X110 1.0
1110110 1.0
1111110 1.0
1101110 1.0
1111110 1.0
111X110 1.0
1111110 1.0
1110110 1.0
0000000 1.0
111X11X 1.0
111X110 1.0
1110110 1.0
11X0110 1.0
111X11X 1.0
11X0110 1.0
1110110 1.0
1111111 1.0
1110110 1.0
1110110 1.0
1111110 1.0
1110110 1.0
1110110 1.0
1110110 1.0
1110110 1.0
111X110 1.0
1110110 1.0
11X0110 1.0
111X111 1.0
0000000 0.5
1100110 0.5
1110110 1.0
1110110 1.0
1100110 1.0
1111110 1.0
1111110 1.0
1100110 1.0
1110110 1.0
1110110 1.0
1110110 1.0
1110110 1.0
1110110 1.0
1110110 1.0
1100110 1.0
1111110 1.0
1100110 1.0
1100110 1.0
1110110 1.0
111X110 1.0
1110110 1.0
1100110 1.0
1110110 1.0
1110110 1.0
1100110 1.0
1110110 1.0
1100110 1.0
1110110 1.0
1110110 1.0
1111110 1.0
1111111 1.0
1100110 1.0
1111110 1.0
111X110 1.0
1111111 1.0
1110110 1.0
1110110 1.0
1100110 1.0
1111110 1.0
1110110 1.0
00X0000 1.0
1110110 1.0
XX10XX0 1.0
1111111 1.0
1110110 1.0
111X110 1.0
1110110 0.25
1110110 0.25
1110110 0.25
1110110 0.25
1110110 1.0
0000000 0.5
0000000 0.5
1110110 1.0
1100110 1.0
11X0110 1.0
1110110 1.0
1110110 1.0
