455
5
11111 1.0
X1110 1.0
01110 1.0
X1X10 0.5
X1X11 0.5
X1110 0.5
X1110 0.5
01111 0.25
01111 0.25
01111 0.25
01111 0.25
X1110 1.0
01110 1.0
111X0 1.0
11X10 1.0
10110 1.0
1111X 1.0
011X0 1.0
X1X11 1.0
11110 1.0
11X10 1.0
1X110 1.0
01100 1.0
11110 1.0
00100 1.0
11110 1.0
11111 0.5
11111 0.5
11110 1.0
11110 1.0
X0100 1.0
00000 1.0
01111 1.0
01100 1.0
01110 1.0
111X0 0.5
111X0 0.5
01110 1.0
01111 1.0
11111 1.0
11110 1.0
01110 1.0
01110 1.0
01110 1.0
01110 1.0
11110 1.0
X1111 1.0
01110 1.0
01110 1.0
X1110 1.0
01110 1.0
01111 1.0
X1110 1.0
00100 1.0
11111 1.0
11100 1.0
11111 1.0
X0110 1.0
01110 1.0
11111 0.125
11111 0.125
11111 0.125
11111 0.125
11111 0.125
11111 0.125
11111 0.125
11111 0.125
01110 1.0
01110 1.0
11100 1.0
01100 1.0
00110 1.0
00100 1.0
11110 1.0
X1110 1.0
11111 1.0
01100 1.0
01111 1.0
11111 1.0
0X1X0 1.0
01111 1.0
01110 1.0
01111 1.0
01100 1.0
X1110 1.0
1111X 1.0
00110 1.0
X111X 1.0
X0110 1.0
X1110 1.0
10110 0.25
10110 0.25
10110 0.25
10110 0.25
X1110 0.25
X1110 0.25
X1010 0.25
X1010 0.25
11110 0.5
11110 0.5
11100 1.0
X0110 1.0
0111X 1.0
101X0 1.0
X1110 1.0
01110 1.0
11110 1.0
11110 1.0
101XX 1.0
1X1X0 1.0
1X1XX 1.0
1111X 1.0
01110 0.25
01110 0.25
01110 0.25
01110 0.25
01111 1.0
1111X 1.0
11110 1.0
00110 1.0
01110 1.0
0011X 1.0
101X0 1.0
11110 1.0
01110 1.0
X1110 1.0
0X1X0 1.0
01110 1.0
101XX 1.0
11111 1.0
01110 1.0
11111 1.0
1X1XX 1.0
00100 1.0
X1010 0.5
X1110 0.5
1X11X 1.0
1010X 1.0
01110 1.0
1X01X 1.0
1111X 1.0
1011X 1.0
111XX 1.0
01110 1.0
1111X 1.0
0X11X 1.0
1111X 1.0
X0100 1.0
11110 1.0
0111X 1.0
0111X 1.0
X1110 1.0
10110 1.0
01110 1.0
01110 1.0
11111 1.0
11110 1.0
1111X 1.0
11110 1.0
11110 1.0
01100 1.0
001X0 1.0
11100 1.0
0X11X 1.0
1X10X 1.0
011X0 1.0
1111X 1.0
1010X 1.0
01111 1.0
X111X 1.0
00100 1.0
1111X 1.0
1111X 1.0
101XX 1.0
00101 1.0
1X111 0.5
1X111 0.5
11X10 1.0
1X11X 1.0
1X11X 1.0
1X11X 1.0
00X0X 1.0
11111 1.0
X1110 1.0
00101 1.0
X111X 1.0
11110 1.0
1X11X 1.0
11110 1.0
01011 1.0
1X111 1.0
00111 1.0
X111X 1.0
101XX 1.0
0010X 1.0
00100 0.5
00100 0.5
1011X 0.5
0011X 0.5
X0100 1.0
00X00 1.0
X1111 1.0
11111 1.0
1111X 1.0
X11X0 1.0
00X00 1.0
00100 1.0
1X100 1.0
01110 1.0
11111 1.0
01100 1.0
X1110 1.0
00100 1.0
10000 1.0
01110 1.0
1X110 1.0
01111 1.0
11111 1.0
11111 1.0
01110 1.0
01110 1.0
XX110 1.0
01100 1.0
11100 1.0
00100 1.0
00111 0.25
00111 0.25
10111 0.25
10111 0.25
01111 1.0
X1111 1.0
00100 1.0
01110 1.0
00100 1.0
01110 1.0
01110 1.0
10100 1.0
01110 1.0
01110 1.0
11111 0.5
11111 0.5
11110 1.0
X1110 1.0
X1110 1.0
11110 1.0
01010 0.5
01110 0.5
00100 1.0
01110 1.0
01110 1.0
0X1X0 1.0
00110 1.0
01110 1.0
XX110 1.0
01110 1.0
11110 0.5
11110 0.5
01110 1.0
01100 1.0
11XX0 1.0
01110 1.0
11111 1.0
00101 1.0
01111 1.0
01111 1.0
X1110 1.0
01110 1.0
11000 0.5
10000 0.5
11110 1.0
01110 1.0
X1111 1.0
01110 1.0
11110 1.0
10111 1.0
10100 1.0
011X1 1.0
11110 1.0
01110 1.0
01110 1.0
X1111 1.0
11110 1.0
X1110 1.0
10100 1.0
01110 1.0
01101 1.0
01110 1.0
11110 1.0
11110 1.0
11111 0.5
11110 0.5
01110 1.0
10111 1.0
01110 1.0
00100 1.0
X1110 1.0
01110 1.0
00100 0.125
00000 0.125
00100 0.125
00000 0.125
00000 0.125
00100 0.125
00100 0.125
00000 0.125
01110 1.0
00100 1.0
11111 1.0
01100 1.0
01111 1.0
11111 1.0
01110 1.0
01110 1.0
11110 1.0
01110 1.0
11100 1.0
X1100 1.0
00000 1.0
X1011 1.0
11110 1.0
01110 1.0
10111 1.0
00100 1.0
01111 1.0
01110 1.0
01110 1.0
00100 1.0
11110 1.0
X1110 1.0
01101 1.0
11111 1.0
11110 1.0
11111 1.0
11111 1.0
X0100 1.0
01111 1.0
01110 1.0
1X11X 1.0
X1110 1.0
011X1 1.0
11111 1.0
01110 1.0
11111 1.0
01111 1.0
01110 1.0
11111 1.0
X0100 1.0
11111 1.0
01110 1.0
01110 1.0
11111 1.0
01110 1.0
1X1XX 1.0
101X1 1.0
01111 1.0
X01X0 1.0
1X1X0 1.0
11111 1.0
01110 1.0
11110 1.0
10101 1.0
00100 1.0
01010 1.0
11110 1.0
X1111 1.0
00101 1.0
00110 1.0
00100 1.0
11111 1.0
X1110 1.0
01110 1.0
11111 1.0
11110 1.0
X1111 1.0
11111 1.0
11111 1.0
1111X 1.0
00001 1.0
1X101 1.0
11110 1.0
01110 1.0
01110 1.0
11110 1.0
00100 1.0
X1111 1.0
11110 1.0
0X100 1.0
X1111 1.0
XX11X 1.0
01110 1.0
11110 1.0
11110 1.0
11111 1.0
X1110 1.0
001X1 1.0
01111 1.0
1111X 1.0
001X1 0.5
001X1 0.5
01110 1.0
11110 1.0
XX1X0 1.0
11100 1.0
1XXX0 1.0
00100 1.0
01110 1.0
01110 1.0
01110 1.0
001X0 1.0
00100 1.0
01110 1.0
11110 1.0
X11X0 1.0
11110 1.0
01110 1.0
01100 1.0
11110 1.0
01110 1.0
X1110 1.0
01110 1.0
01010 1.0
011X0 1.0
0X110 1.0
01110 1.0
01110 1.0
XX1X0 1.0
X1110 1.0
11110 1.0
X0X00 1.0
10111 1.0
1X110 1.0
11111 1.0
11000 1.0
00100 1.0
11111 1.0
1X110 1.0
11110 1.0
001X0 1.0
11110 1.0
00100 1.0
11111 1.0
0X100 1.0
001X0 1.0
01110 0.25
01110 0.25
01110 0.25
01110 0.25
0X100 1.0
00000 0.5
00000 0.5
00100 1.0
01110 1.0
0011X 1.0
01110 1.0
11111 1.0
