455
5
11011 1.0
11110 1.0
11110 1.0
X1111 0.5
X1111 0.5
10111 0.5
10111 0.5
11110 0.25
11111 0.25
11110 0.25
11111 0.25
1X11X 1.0
10111 1.0
10111 1.0
X1011 1.0
11111 1.0
1101X 1.0
10111 1.0
XX111 1.0
11011 1.0
X1011 1.0
11011 1.0
11111 1.0
11111 1.0
11110 1.0
11011 1.0
1101X 0.5
1101X 0.5
1X111 1.0
11111 1.0
11111 1.0
00000 1.0
10110 1.0
10111 1.0
11111 1.0
11011 0.5
11111 0.5
10111 1.0
10110 1.0
11110 1.0
11111 1.0
10111 1.0
11111 1.0
10110 1.0
10111 1.0
1X011 1.0
11111 1.0
1X110 1.0
10111 1.0
1X111 1.0
11111 1.0
11110 1.0
1X111 1.0
11101 1.0
11011 1.0
10111 1.0
11111 1.0
1X11X 1.0
11110 1.0
11011 0.125
11011 0.125
11011 0.125
11011 0.125
11011 0.125
11011 0.125
11011 0.125
11011 0.125
11111 1.0
11110 1.0
1X011 1.0
11111 1.0
11111 1.0
111X1 1.0
11011 1.0
1X11X 1.0
10111 1.0
11111 1.0
11111 1.0
11011 1.0
1X110 1.0
11111 1.0
10111 1.0
11111 1.0
10110 1.0
11011 1.0
11X1X 1.0
11111 1.0
1101X 1.0
10110 1.0
10010 1.0
11010 0.25
11011 0.25
11010 0.25
11011 0.25
11111 0.25
11101 0.25
01111 0.25
01101 0.25
11110 0.5
11110 0.5
1X111 1.0
11111 1.0
11X1X 1.0
11111 1.0
11011 1.0
11011 1.0
11X1X 1.0
1101X 1.0
1101X 1.0
10011 1.0
1101X 1.0
11X1X 1.0
10111 0.25
10110 0.25
10110 0.25
10111 0.25
11111 1.0
1001X 1.0
11010 1.0
11011 1.0
11111 1.0
11011 1.0
11011 1.0
11111 1.0
1X110 1.0
11010 1.0
10111 1.0
11010 1.0
1001X 1.0
1X111 1.0
11111 1.0
11111 1.0
11010 1.0
10110 1.0
01010 0.5
11010 0.5
11010 1.0
11010 1.0
11111 1.0
00010 1.0
11X1X 1.0
11011 1.0
11111 1.0
11111 1.0
1101X 1.0
10010 1.0
11011 1.0
11010 1.0
11011 1.0
1101X 1.0
10010 1.0
1111X 1.0
11011 1.0
10011 1.0
10110 1.0
1XX11 1.0
11011 1.0
11011 1.0
11011 1.0
1101X 1.0
11111 1.0
1101X 1.0
11111 1.0
1111X 1.0
11011 1.0
1101X 1.0
1101X 1.0
1101X 1.0
10111 1.0
1101X 1.0
10110 1.0
11010 1.0
11011 1.0
1101X 1.0
10011 1.0
11101 0.5
11111 0.5
XX01X 1.0
11011 1.0
1101X 1.0
11011 1.0
X1011 1.0
11111 1.0
1X011 1.0
10101 1.0
1X111 1.0
1001X 1.0
11011 1.0
11011 1.0
01111 1.0
11110 1.0
11110 1.0
11011 1.0
11010 1.0
11010 1.0
1X000 0.5
1X100 0.5
11010 0.5
11010 0.5
11X11 1.0
X0110 1.0
1X010 1.0
11111 1.0
11011 1.0
1X111 1.0
X0110 1.0
10100 1.0
11X11 1.0
11110 1.0
11111 1.0
11111 1.0
1X111 1.0
1011X 1.0
01111 1.0
10111 1.0
11111 1.0
10111 1.0
1111X 1.0
11111 1.0
11111 1.0
11110 1.0
11111 1.0
1X111 1.0
11011 1.0
10110 1.0
10111 0.25
11111 0.25
10111 0.25
11111 0.25
11111 1.0
1X111 1.0
11010 1.0
11111 1.0
11110 1.0
11110 1.0
11111 1.0
1111X 1.0
111X1 1.0
11111 1.0
11111 0.5
11011 0.5
11111 1.0
11011 1.0
11111 1.0
11111 1.0
01110 0.5
11110 0.5
10111 1.0
10110 1.0
10111 1.0
11111 1.0
10110 1.0
11111 1.0
1X111 1.0
11111 1.0
11110 0.5
11110 0.5
11111 1.0
11111 1.0
XX011 1.0
11110 1.0
11111 1.0
11101 1.0
11111 1.0
10111 1.0
1X11X 1.0
11011 1.0
01110 0.5
01110 0.5
11111 1.0
11111 1.0
1X111 1.0
11111 1.0
11111 1.0
11011 1.0
11X11 1.0
11011 1.0
11111 1.0
11110 1.0
11111 1.0
11111 1.0
10111 1.0
1X111 1.0
10010 1.0
11110 1.0
11111 1.0
10110 1.0
11011 1.0
11111 1.0
11111 0.5
11111 0.5
11110 1.0
11110 1.0
11111 1.0
11110 1.0
11111 1.0
11111 1.0
11100 0.125
01100 0.125
11100 0.125
01100 0.125
01100 0.125
11100 0.125
11100 0.125
01100 0.125
11111 1.0
10101 1.0
11111 1.0
11111 1.0
11111 1.0
11111 1.0
11111 1.0
11110 1.0
11111 1.0
11111 1.0
11111 1.0
1X111 1.0
01111 1.0
01111 1.0
11111 1.0
11111 1.0
11111 1.0
10110 1.0
10111 1.0
11111 1.0
11111 1.0
10100 1.0
11111 1.0
1X111 1.0
10110 1.0
11011 1.0
11X11 1.0
11111 1.0
11111 1.0
1X110 1.0
11111 1.0
10111 1.0
11011 1.0
1X111 1.0
10111 1.0
11110 1.0
11111 1.0
11111 1.0
11111 1.0
10010 1.0
11011 1.0
1X110 1.0
1111X 1.0
11010 1.0
11111 1.0
11110 1.0
11110 1.0
11X11 1.0
11111 1.0
11111 1.0
11111 1.0
11011 1.0
11111 1.0
11111 1.0
11011 1.0
11110 1.0
11111 1.0
00111 1.0
11111 1.0
11111 1.0
11100 1.0
10010 1.0
11100 1.0
11111 1.0
1X111 1.0
11111 1.0
11111 1.0
11110 1.0
1X011 1.0
11111 1.0
11111 1.0
11111 1.0
0X000 1.0
11011 1.0
11011 1.0
1X111 1.0
1001X 1.0
11X11 1.0
1101X 1.0
1X111 1.0
11011 1.0
11011 1.0
11111 1.0
11011 1.0
11111 1.0
11011 1.0
11011 1.0
11111 1.0
1X111 1.0
1X111 1.0
1X01X 1.0
11011 1.0
1X100 0.5
1X110 0.5
11111 1.0
11111 1.0
1X110 1.0
11111 1.0
X1111 1.0
10110 1.0
11111 1.0
11111 1.0
11111 1.0
10111 1.0
10111 1.0
11111 1.0
11010 1.0
11011 1.0
11110 1.0
11110 1.0
11111 1.0
1X011 1.0
11111 1.0
11110 1.0
1X111 1.0
00111 1.0
11110 1.0
11111 1.0
11110 1.0
11111 1.0
11111 1.0
11111 1.0
10011 1.0
XX110 1.0
11111 1.0
11111 1.0
11011 1.0
01111 1.0
10111 1.0
11110 1.0
11011 1.0
11111 1.0
1X00X 1.0
11011 1.0
111X1 1.0
11111 1.0
1X011 1.0
1X011 1.0
11111 0.25
11111 0.25
11111 0.25
11111 0.25
1X111 1.0
00100 0.5
00100 0.5
11111 1.0
11010 1.0
1111X 1.0
11111 1.0
11111 1.0
