455
5
11101 1.0
X1000 1.0
01000 1.0
X1000 0.5
X1001 0.5
X0000 0.5
X0000 0.5
01001 0.25
01001 0.25
01001 0.25
01001 0.25
XX000 1.0
00000 1.0
10XX0 1.0
11000 1.0
111X0 1.0
11X0X 1.0
00000 1.0
XX001 1.0
11000 1.0
11000 1.0
11100 1.0
01000 1.0
11000 1.0
01000 1.0
11XX0 1.0
11101 0.5
11101 0.5
1X000 1.0
11000 1.0
X1000 1.0
00000 1.0
00001 1.0
00000 1.0
01000 1.0
11000 0.5
11000 0.5
00000 1.0
00001 1.0
11001 1.0
11000 1.0
00000 1.0
01000 1.0
00000 1.0
00000 1.0
1X000 1.0
X1001 1.0
0X000 1.0
00000 1.0
XX000 1.0
01000 1.0
010X1 1.0
XX000 1.0
01000 1.0
11001 1.0
10000 1.0
11001 1.0
XX000 1.0
01000 1.0
11101 0.125
11001 0.125
11101 0.125
11001 0.125
11101 0.125
11001 0.125
11001 0.125
11101 0.125
01000 1.0
01000 1.0
1X000 1.0
01000 1.0
01000 1.0
01000 1.0
11000 1.0
XX000 1.0
10001 1.0
01000 1.0
01001 1.0
11001 1.0
0X010 1.0
01001 1.0
00000 1.0
01001 1.0
00000 1.0
X1000 1.0
1100X 1.0
01000 1.0
X100X 1.0
X00X0 1.0
X0000 1.0
11XX0 0.25
11XX0 0.25
11XX0 0.25
11XX0 0.25
X1000 0.25
X1000 0.25
X1000 0.25
X1000 0.25
11000 0.5
11000 0.5
1X000 1.0
X1000 1.0
0100X 1.0
11000 1.0
X1000 1.0
01000 1.0
11100 1.0
11000 1.0
1100X 1.0
10000 1.0
1100X 1.0
1100X 1.0
00000 0.25
00000 0.25
00000 0.25
00000 0.25
01001 1.0
1000X 1.0
11000 1.0
01000 1.0
01000 1.0
0100X 1.0
11000 1.0
11000 1.0
0X000 1.0
X1000 1.0
00000 1.0
01000 1.0
1000X 1.0
1X011 1.0
01000 1.0
11001 1.0
1100X 1.0
00000 1.0
X1000 0.5
X1000 0.5
1100X 1.0
1100X 1.0
01000 1.0
1000X 1.0
1100X 1.0
1100X 1.0
1100X 1.0
01000 1.0
1100X 1.0
0000X 1.0
1100X 1.0
X1000 1.0
11100 1.0
0100X 1.0
0000X 1.0
X1000 1.0
11000 1.0
00000 1.0
00000 1.0
1X001 1.0
11000 1.0
1110X 1.0
11000 1.0
11000 1.0
01000 1.0
01000 1.0
11000 1.0
0100X 1.0
1100X 1.0
01000 1.0
1100X 1.0
1100X 1.0
00001 1.0
X100X 1.0
00000 1.0
1100X 1.0
1100X 1.0
1100X 1.0
000X1 1.0
11001 0.5
11001 0.5
1X000 1.0
1110X 1.0
1100X 1.0
1100X 1.0
0100X 1.0
11001 1.0
XX000 1.0
00001 1.0
XX00X 1.0
10000 1.0
1100X 1.0
11000 1.0
01001 1.0
11001 1.0
01001 1.0
X100X 1.0
1100X 1.0
0100X 1.0
0X000 0.5
0X000 0.5
1100X 0.5
0100X 0.5
X1000 1.0
00000 1.0
XX001 1.0
11001 1.0
1100X 1.0
XX000 1.0
00000 1.0
00000 1.0
11000 1.0
01000 1.0
11001 1.0
01000 1.0
XX000 1.0
00000 1.0
11000 1.0
00000 1.0
11X00 1.0
00001 1.0
11X01 1.0
11101 1.0
01000 1.0
01000 1.0
X1000 1.0
0X000 1.0
11000 1.0
00000 1.0
00001 0.25
01001 0.25
10001 0.25
11001 0.25
01001 1.0
XX001 1.0
01000 1.0
01000 1.0
01000 1.0
01000 1.0
01000 1.0
11000 1.0
01000 1.0
01000 1.0
11001 0.5
11001 0.5
11000 1.0
X1000 1.0
X1000 1.0
11000 1.0
01000 0.5
01000 0.5
00000 1.0
00000 1.0
00000 1.0
01000 1.0
00000 1.0
01000 1.0
XX000 1.0
01000 1.0
11000 0.5
11000 0.5
01000 1.0
01000 1.0
1X000 1.0
01000 1.0
11001 1.0
01001 1.0
01001 1.0
00001 1.0
XX000 1.0
01000 1.0
11000 0.5
11000 0.5
11000 1.0
01010 1.0
XX001 1.0
01000 1.0
11000 1.0
11001 1.0
11000 1.0
01001 1.0
11000 1.0
01000 1.0
01000 1.0
X1001 1.0
10000 1.0
XX000 1.0
10000 1.0
01000 1.0
01001 1.0
00000 1.0
11000 1.0
11000 1.0
11001 0.5
11000 0.5
01000 1.0
11001 1.0
01000 1.0
01000 1.0
X1000 1.0
01000 1.0
01000 0.125
01000 0.125
01000 0.125
01000 0.125
01000 0.125
01000 0.125
01000 0.125
01000 0.125
01000 1.0
00000 1.0
11001 1.0
01000 1.0
01001 1.0
11001 1.0
01000 1.0
01000 1.0
11000 1.0
01000 1.0
11000 1.0
XX000 1.0
01000 1.0
X1001 1.0
11000 1.0
01000 1.0
11001 1.0
00000 1.0
00001 1.0
01000 1.0
01000 1.0
00000 1.0
11000 1.0
XX000 1.0
00001 1.0
11101 1.0
11000 1.0
11001 1.0
11001 1.0
XX000 1.0
01001 1.0
00000 1.0
1100X 1.0
XX000 1.0
00001 1.0
11001 1.0
01000 1.0
11001 1.0
01001 1.0
00000 1.0
11001 1.0
XX000 1.0
11001 1.0
01000 1.0
01000 1.0
11001 1.0
01000 1.0
1100X 1.0
11001 1.0
01001 1.0
X1000 1.0
11000 1.0
11001 1.0
01000 1.0
11000 1.0
11001 1.0
01000 1.0
00000 1.0
11000 1.0
X1001 1.0
01001 1.0
00000 1.0
01000 1.0
11001 1.0
XX000 1.0
01000 1.0
11011 1.0
11000 1.0
XX001 1.0
110X1 1.0
11001 1.0
1100X 1.0
0X001 1.0
110X1 1.0
11000 1.0
0X000 1.0
00000 1.0
11000 1.0
01000 1.0
XX001 1.0
11100 1.0
01000 1.0
X1001 1.0
X100X 1.0
01000 1.0
11000 1.0
11000 1.0
11001 1.0
XX000 1.0
0X001 1.0
0X001 1.0
1100X 1.0
0X001 0.5
0X001 0.5
01000 1.0
11000 1.0
XX000 1.0
11000 1.0
11100 1.0
00000 1.0
01000 1.0
01000 1.0
01000 1.0
00000 1.0
00000 1.0
01000 1.0
11000 1.0
X1000 1.0
11000 1.0
01000 1.0
01000 1.0
1X000 1.0
01000 1.0
X1000 1.0
0X000 1.0
00000 1.0
01010 1.0
01000 1.0
01000 1.0
01000 1.0
X1000 1.0
X1000 1.0
101X0 1.0
XX000 1.0
11001 1.0
11110 1.0
11101 1.0
11000 1.0
00000 1.0
11001 1.0
11100 1.0
11010 1.0
0X000 1.0
11000 1.0
01000 1.0
111X1 1.0
0X000 1.0
0X000 1.0
01000 0.25
01000 0.25
01000 0.25
01000 0.25
0X000 1.0
00000 0.5
00000 0.5
01000 1.0
01000 1.0
0100X 1.0
01000 1.0
11001 1.0
