455
5
01X1X 1.0
100X1 1.0
10111 1.0
11X01 0.5
11X01 0.5
101X1 0.5
101X1 0.5
11010 0.25
11010 0.25
11011 0.25
11011 0.25
101X1 1.0
11111 1.0
11111 1.0
01X01 1.0
11111 1.0
011X0 1.0
11111 1.0
11111 1.0
01111 1.0
01X01 1.0
01X11 1.0
11101 1.0
10110 1.0
10100 1.0
01101 1.0
0111X 0.5
0111X 0.5
11111 1.0
11111 1.0
1111X 1.0
00000 1.0
11111 1.0
11101 1.0
1X111 1.0
00111 0.5
10111 0.5
11111 1.0
11111 1.0
11110 1.0
11110 1.0
11111 1.0
10101 1.0
11110 1.0
11111 1.0
01001 1.0
11111 1.0
10101 1.0
11111 1.0
11111 1.0
11111 1.0
11110 1.0
10111 1.0
11111 1.0
0111X 1.0
11111 1.0
11111 1.0
10100 1.0
11110 1.0
011XX 0.125
011XX 0.125
011XX 0.125
011XX 0.125
011XX 0.125
011XX 0.125
011XX 0.125
011XX 0.125
11111 1.0
10111 1.0
00101 1.0
11110 1.0
10111 1.0
1X100 1.0
00111 1.0
11111 1.0
11111 1.0
11110 1.0
11101 1.0
01111 1.0
1111X 1.0
10111 1.0
10111 1.0
11101 1.0
10100 1.0
00111 1.0
X011X 1.0
10111 1.0
00111 1.0
11110 1.0
01110 1.0
00110 0.25
00110 0.25
00111 0.25
00111 0.25
111X1 0.25
111X1 0.25
111X1 0.25
111X1 0.25
11111 0.5
11111 0.5
11101 1.0
1111X 1.0
X0110 1.0
1111X 1.0
00100 1.0
001XX 1.0
X011X 1.0
00110 1.0
0011X 1.0
00110 1.0
0011X 1.0
X1111 1.0
11111 0.25
11111 0.25
11110 0.25
11110 0.25
10111 1.0
0011X 1.0
0X11X 1.0
0111X 1.0
11111 1.0
0011X 1.0
0111X 1.0
11111 1.0
10110 1.0
00110 1.0
11111 1.0
0011X 1.0
0011X 1.0
11011 1.0
11011 1.0
10111 1.0
00110 1.0
11110 1.0
00110 0.5
00110 0.5
00110 1.0
0011X 1.0
11111 1.0
0011X 1.0
X011X 1.0
00110 1.0
10110 1.0
11111 1.0
0011X 1.0
0X110 1.0
0011X 1.0
0011X 1.0
0111X 1.0
0011X 1.0
0011X 1.0
11111 1.0
0011X 1.0
00110 1.0
11100 1.0
X1111 1.0
0X110 1.0
00110 1.0
00110 1.0
0111X 1.0
10111 1.0
0011X 1.0
11111 1.0
1X11X 1.0
0011X 1.0
0111X 1.0
0111X 1.0
0011X 1.0
11111 1.0
0011X 1.0
11110 1.0
00110 1.0
00110 1.0
00110 1.0
001X1 1.0
11111 0.5
11111 0.5
0011X 1.0
0X11X 1.0
0011X 1.0
0011X 1.0
0011X 1.0
11111 1.0
0X111 1.0
11011 1.0
1011X 1.0
0X110 1.0
0011X 1.0
00101 1.0
110X1 1.0
11111 1.0
11110 1.0
01111 1.0
0011X 1.0
00110 1.0
00100 0.5
10100 0.5
0X11X 0.5
0X11X 0.5
X1111 1.0
11X10 1.0
00100 1.0
11111 1.0
00111 1.0
10101 1.0
10X00 1.0
11100 1.0
XX111 1.0
11110 1.0
11110 1.0
10100 1.0
111XX 1.0
11111 1.0
11010 1.0
10100 1.0
1111X 1.0
11110 1.0
1111X 1.0
11101 1.0
11110 1.0
10100 1.0
10101 1.0
10101 1.0
00101 1.0
11110 1.0
11111 0.25
11111 0.25
11111 0.25
11111 0.25
11111 1.0
11111 1.0
00100 1.0
10101 1.0
11110 1.0
10100 1.0
10101 1.0
10111 1.0
11110 1.0
10100 1.0
11111 0.5
01111 0.5
10111 1.0
00111 1.0
1X111 1.0
11111 1.0
10100 0.5
10100 0.5
1010X 1.0
10100 1.0
11100 1.0
10101 1.0
10110 1.0
11111 1.0
11111 1.0
11100 1.0
10101 0.5
10101 0.5
10111 1.0
10100 1.0
0010X 1.0
11101 1.0
10111 1.0
1X101 1.0
10101 1.0
11111 1.0
111X1 1.0
00101 1.0
11110 0.5
11110 0.5
11111 1.0
10101 1.0
1111X 1.0
11100 1.0
11110 1.0
01111 1.0
XX111 1.0
01101 1.0
11110 1.0
10100 1.0
11111 1.0
11101 1.0
11111 1.0
101X1 1.0
00100 1.0
10100 1.0
11110 1.0
10X00 1.0
01X0X 1.0
11110 1.0
11111 0.5
11111 0.5
11111 1.0
11110 1.0
11111 1.0
11110 1.0
1X111 1.0
11111 1.0
10000 0.125
10000 0.125
10000 0.125
10000 0.125
10100 0.125
10100 0.125
10100 0.125
10100 0.125
10101 1.0
10101 1.0
11111 1.0
11101 1.0
1110X 1.0
10111 1.0
11111 1.0
10100 1.0
10110 1.0
11110 1.0
11110 1.0
11XX1 1.0
10101 1.0
11X11 1.0
11111 1.0
10101 1.0
11111 1.0
10101 1.0
11111 1.0
10101 1.0
11111 1.0
10100 1.0
11111 1.0
101X1 1.0
11110 1.0
01111 1.0
X1111 1.0
11111 1.0
11111 1.0
10110 1.0
1X101 1.0
10101 1.0
0111X 1.0
11110 1.0
10111 1.0
11110 1.0
11111 1.0
11111 1.0
11111 1.0
01100 1.0
01X11 1.0
10000 1.0
11111 1.0
01110 1.0
11110 1.0
11110 1.0
10101 1.0
X111X 1.0
11111 1.0
1111X 1.0
10111 1.0
0X11X 1.0
11111 1.0
11100 1.0
01111 1.0
111X1 1.0
11110 1.0
10001 1.0
11111 1.0
111XX 1.0
11100 1.0
00101 1.0
11100 1.0
111X1 1.0
111X1 1.0
10101 1.0
11111 1.0
11111 1.0
011X1 1.0
11111 1.0
11111 1.0
11110 1.0
00000 1.0
0011X 1.0
0011X 1.0
11101 1.0
00111 1.0
X11XX 1.0
0011X 1.0
111X1 1.0
0011X 1.0
0011X 1.0
111X1 1.0
0011X 1.0
10111 1.0
01111 1.0
00111 1.0
111X1 1.0
111XX 1.0
11110 1.0
0111X 1.0
01111 1.0
11110 0.5
11110 0.5
11111 1.0
1111X 1.0
10111 1.0
111X1 1.0
11X1X 1.0
10100 1.0
10100 1.0
101XX 1.0
10101 1.0
10101 1.0
11101 1.0
11111 1.0
01100 1.0
00111 1.0
111X0 1.0
10100 1.0
10111 1.0
011X1 1.0
10111 1.0
11110 1.0
11110 1.0
11111 1.0
101X0 1.0
10111 1.0
11110 1.0
11100 1.0
11100 1.0
11101 1.0
00111 1.0
101X0 1.0
11111 1.0
1111X 1.0
01111 1.0
10101 1.0
1110X 1.0
11110 1.0
01111 1.0
11111 1.0
000XX 1.0
0X11X 1.0
10X01 1.0
11111 1.0
0000X 1.0
00110 1.0
10X11 0.25
11X11 0.25
10X11 0.25
11X11 0.25
10XXX 1.0
10000 0.5
10001 0.5
1111X 1.0
00100 1.0
1110X 1.0
11100 1.0
11101 1.0
