455
7
1111111 1.0
110X111 1.0
1100111 1.0
1100111 0.5
1100111 0.5
1100011 0.5
1101011 0.5
1100111 0.25
1100111 0.25
1100111 0.25
1100111 0.25
110XX11 1.0
1100011 1.0
11X1011 1.0
1101111 1.0
110X111 1.0
1101111 1.0
1100011 1.0
1100X11 1.0
1101111 1.0
1101111 1.0
11X1111 1.0
1100111 1.0
1100111 1.0
1100111 1.0
11X0111 1.0
1111111 0.5
1110111 0.5
1100X11 1.0
110X111 1.0
110X111 1.0
0000000 1.0
1100011 1.0
1100011 1.0
1100111 1.0
1100111 0.5
1100111 0.5
1100011 1.0
1100011 1.0
1100111 1.0
1101111 1.0
1100011 1.0
1100111 1.0
1100011 1.0
1100011 1.0
1100X11 1.0
1101111 1.0
1100X11 1.0
1100011 1.0
110XX11 1.0
1100111 1.0
11XX111 1.0
1100X11 1.0
0000100 1.0
11X0111 1.0
1100011 1.0
1100111 1.0
1100X11 1.0
1100111 1.0
1101111 0.125
1101111 0.125
1101111 0.125
1101111 0.125
1100111 0.125
1100111 0.125
1100111 0.125
1100111 0.125
1100111 1.0
1100111 1.0
1100X11 1.0
1100111 1.0
1100111 1.0
XX001XX 1.0
110X111 1.0
1100X11 1.0
1101011 1.0
1100111 1.0
1100111 1.0
1101111 1.0
110XX11 1.0
1100111 1.0
1100011 1.0
1100111 1.0
1100011 1.0
110X111 1.0
1101111 1.0
1100111 1.0
1100111 1.0
110X011 1.0
1101011 1.0
11X0111 0.25
11X0111 0.25
11X0111 0.25
11X0111 0.25
1100111 0.25
0000100 0.25
1100111 0.25
0000100 0.25
1100111 0.5
1100111 0.5
1101X11 1.0
1100111 1.0
1100111 1.0
1100111 1.0
1100111 1.0
1100111 1.0
1101111 1.0
110X111 1.0
1100111 1.0
110X011 1.0
1100111 1.0
110X111 1.0
1100011 0.25
1100011 0.25
1100011 0.25
1100011 0.25
1100111 1.0
1100011 1.0
110X111 1.0
1100111 1.0
1101111 1.0
1100111 1.0
1100111 1.0
1100111 1.0
1100X11 1.0
1101111 1.0
1100011 1.0
1100111 1.0
1100011 1.0
1100X11 1.0
1100111 1.0
1100111 1.0
1101111 1.0
1100011 1.0
1100111 0.5
1100111 0.5
1100111 1.0
1100111 1.0
1100111 1.0
1100011 1.0
1100111 1.0
1100111 1.0
1100111 1.0
1100111 1.0
1101111 1.0
1100011 1.0
1100111 1.0
1100111 1.0
1101111 1.0
1101111 1.0
1100011 1.0
1100111 1.0
1100111 1.0
1101011 1.0
1100011 1.0
1101X11 1.0
1101111 1.0
1100111 1.0
1100111 1.0
1100111 1.0
110X111 1.0
1100111 1.0
1100111 1.0
1100111 1.0
1100111 1.0
1100111 1.0
1100111 1.0
1100111 1.0
1100011 1.0
110X111 1.0
110X011 1.0
1100111 1.0
1101111 1.0
1100111 1.0
1100011 1.0
0001100 0.5
1101111 0.5
1100X11 1.0
11X1111 1.0
1101111 1.0
1100111 1.0
1100111 1.0
1100111 1.0
110XX11 1.0
0000000 1.0
1100X11 1.0
1100011 1.0
1100111 1.0
1101111 1.0
110X111 1.0
1101111 1.0
1100111 1.0
110X111 1.0
1101111 1.0
1100111 1.0
0000X00 0.5
0000X00 0.5
1100111 0.5
1100111 0.5
1100111 1.0
1100011 1.0
1100X11 1.0
1100111 1.0
1100111 1.0
1100X11 1.0
1100011 1.0
0000000 1.0
1101111 1.0
1100111 1.0
1100111 1.0
1100111 1.0
1100X11 1.0
1100011 1.0
1100111 1.0
1100011 1.0
11X1111 1.0
1100011 1.0
11X0111 1.0
1110111 1.0
1100111 1.0
1100111 1.0
1100111 1.0
1100X11 1.0
1100111 1.0
1100011 1.0
1100011 0.25
1100111 0.25
1100011 0.25
1100111 0.25
1100111 1.0
1100X11 1.0
1100111 1.0
1100111 1.0
1100111 1.0
1100111 1.0
1100111 1.0
1101111 1.0
XX001XX 1.0
1100111 1.0
1101111 0.5
1101111 0.5
1100111 1.0
1100111 1.0
110X111 1.0
1100111 1.0
1100111 0.5
1100111 0.5
1100011 1.0
1100011 1.0
1100011 1.0
1100111 1.0
1100011 1.0
1100111 1.0
1100X11 1.0
1100111 1.0
1100111 0.5
1100111 0.5
1100111 1.0
1100111 1.0
1100X11 1.0
1100111 1.0
1100111 1.0
0000100 1.0
1100111 1.0
1100011 1.0
1100X11 1.0
1100111 1.0
1100111 0.5
1100111 0.5
1100111 1.0
1100111 1.0
1100X11 1.0
1100111 1.0
1101111 1.0
1100111 1.0
1100111 1.0
1101111 1.0
110X111 1.0
1100111 1.0
1100111 1.0
1100111 1.0
1100011 1.0
110XX11 1.0
1100011 1.0
1100111 1.0
1100111 1.0
1100011 1.0
1101111 1.0
1100111 1.0
1100111 0.5
1100111 0.5
1100111 1.0
1100111 1.0
1100111 1.0
1100111 1.0
1100111 1.0
1100111 1.0
0000100 0.125
0000100 0.125
0000100 0.125
0000100 0.125
0000100 0.125
0000100 0.125
0000100 0.125
0000100 0.125
1100111 1.0
0000000 1.0
1100111 1.0
1100111 1.0
1100111 1.0
1100111 1.0
1100111 1.0
1100111 1.0
1100111 1.0
1100111 1.0
1100111 1.0
110XX11 1.0
1100111 1.0
110X111 1.0
1100111 1.0
1100111 1.0
1100111 1.0
1100011 1.0
1100011 1.0
1100111 1.0
1100111 1.0
0000000 1.0
1101111 1.0
1100X11 1.0
1100011 1.0
1101111 1.0
1100111 1.0
1100111 1.0
1100111 1.0
1100X11 1.0
1100111 1.0
1100011 1.0
1100111 1.0
110XX11 1.0
1100011 1.0
1100111 1.0
1100111 1.0
1100111 1.0
1100111 1.0
1100011 1.0
1101111 1.0
110XX11 1.0
1100111 1.0
1100111 1.0
1100111 1.0
1100111 1.0
1100111 1.0
1101111 1.0
1100111 1.0
1100111 1.0
1100111 1.0
1100111 1.0
1100111 1.0
1100111 1.0
1101111 1.0
1101111 1.0
1100111 1.0
1100011 1.0
1100111 1.0
110X111 1.0
0000100 1.0
1100011 1.0
0000100 1.0
1100111 1.0
110XX11 1.0
1100111 1.0
1101111 1.0
1101111 1.0
1101X11 1.0
110X111 1.0
1101111 1.0
1100111 1.0
0000X00 1.0
11XX111 1.0
110X111 1.0
1100X11 1.0
1100011 1.0
11XX111 1.0
1100111 1.0
1100X11 1.0
1111111 1.0
1100111 1.0
1100111 1.0
1101111 1.0
1100111 1.0
1100111 1.0
1100111 1.0
1100111 1.0
110XX11 1.0
1100X11 1.0
1100X11 1.0
111X111 1.0
0000X00 0.5
1100X11 0.5
1100111 1.0
1100111 1.0
1100X11 1.0
1101111 1.0
1101111 1.0
1100011 1.0
1100111 1.0
1100111 1.0
1100111 1.0
1100011 1.0
1100011 1.0
1100111 1.0
1100111 1.0
1101111 1.0
1100111 1.0
1100111 1.0
1100111 1.0
110XX11 1.0
1100111 1.0
1100111 1.0
1100X11 1.0
1100011 1.0
1100111 1.0
1100111 1.0
1100111 1.0
1100111 1.0
1100111 1.0
1101111 1.0
1111011 1.0
1100X11 1.0
1101111 1.0
110X111 1.0
1111111 1.0
1100111 1.0
1100011 1.0
1100111 1.0
1101111 1.0
1100111 1.0
0000X00 1.0
1100111 1.0
XX001XX 1.0
1111111 1.0
1100X11 1.0
110XX11 1.0
1100111 0.25
1100111 0.25
1100111 0.25
1100111 0.25
1100X11 1.0
0000000 0.5
0000000 0.5
1100111 1.0
1100111 1.0
1100111 1.0
1100111 1.0
1100111 1.0
