455
7
1000010 1.0
X000000 1.0
1000000 1.0
0000000 0.5
0000000 0.5
X000000 0.5
X000000 0.5
1000000 0.25
1000000 0.25
1000000 0.25
1000000 0.25
X000000 1.0
1000000 1.0
1XXXXXX 1.0
0000000 1.0
100001X 1.0
X0000X0 1.0
1000000 1.0
1000000 1.0
1000000 1.0
0000000 1.0
1000010 1.0
0000000 1.0
1000000 1.0
0000000 1.0
0XXXXXX 1.0
1XXXX10 0.5
1XXXX10 0.5
1000000 1.0
1000000 1.0
1000000 1.0
0000000 1.0
1000000 1.0
0000000 1.0
1000000 1.0
1000000 0.5
1000000 0.5
1000000 1.0
1000000 1.0
1000000 1.0
1000000 1.0
1000000 1.0
0000000 1.0
1000000 1.0
1000000 1.0
0000000 1.0
1000000 1.0
0000000 1.0
1000000 1.0
1000000 1.0
1000000 1.0
100000X 1.0
1000000 1.0
1000000 1.0
1000000 1.0
1000000 1.0
1000000 1.0
0000000 1.0
1000000 1.0
X111110 0.125
X111100 0.125
X000010 0.125
X000000 0.125
X000010 0.125
X111100 0.125
X000000 0.125
X111110 0.125
1000000 1.0
1000000 1.0
0000000 1.0
1000000 1.0
1000000 1.0
0000000 1.0
1000000 1.0
1000000 1.0
1000000 1.0
1000000 1.0
0000000 1.0
1000000 1.0
1000001 1.0
1000000 1.0
1000000 1.0
0000000 1.0
0000000 1.0
1XXXX00 1.0
1XXXX00 1.0
1000000 1.0
1000000 1.0
1XXXX0X 1.0
1000000 1.0
1XXXXXX 0.25
1XXXXXX 0.25
1XXXXXX 0.25
1XXXXXX 0.25
X000000 0.25
X000000 0.25
X000000 0.25
X000000 0.25
1000000 0.5
1000000 0.5
0000000 1.0
1XXXX00 1.0
1000000 1.0
1XXXX00 1.0
0000000 1.0
XXXXX00 1.0
1000010 1.0
1000000 1.0
1000000 1.0
1000000 1.0
1000000 1.0
1000000 1.0
1000000 0.25
1000000 0.25
1000000 0.25
1000000 0.25
1000000 1.0
1XXXX00 1.0
1000000 1.0
1000000 1.0
1000000 1.0
1000000 1.0
1XXXX00 1.0
1000000 1.0
1000000 1.0
1000000 1.0
1000000 1.0
1000000 1.0
1000000 1.0
1000001 1.0
1000000 1.0
1000000 1.0
1000000 1.0
1000000 1.0
1000000 0.5
1000000 0.5
1000000 1.0
1000000 1.0
1000000 1.0
1000000 1.0
1000000 1.0
1000000 1.0
1XXXX00 1.0
1000000 1.0
1000000 1.0
1000000 1.0
1000000 1.0
1000000 1.0
1000010 1.0
1000000 1.0
1000000 1.0
1000000 1.0
1000000 1.0
1000000 1.0
0000000 1.0
1000000 1.0
1000000 1.0
1000010 1.0
1000000 1.0
1000000 1.0
1000000 1.0
1000000 1.0
1000000 1.0
1000000 1.0
1000000 1.0
1000000 1.0
1000000 1.0
1000000 1.0
1000000 1.0
1000000 1.0
1000000 1.0
1000000 1.0
1000000 1.0
1000000 1.0
X00000X 1.0
1000000 0.5
1000000 0.5
1000000 1.0
1000010 1.0
1000000 1.0
1000000 1.0
1000000 1.0
1000000 1.0
1000000 1.0
1000000 1.0
1000000 1.0
1000000 1.0
1000000 1.0
0000000 1.0
X000000 1.0
1000000 1.0
1000000 1.0
1000000 1.0
1000000 1.0
1000000 1.0
0000000 0.5
0000000 0.5
1000000 0.5
1000000 0.5
1000000 1.0
1000000 1.0
0000000 1.0
1000000 1.0
1000000 1.0
0000000 1.0
0000000 1.0
0000000 1.0
1000000 1.0
1000000 1.0
1000000 1.0
0000000 1.0
X000000 1.0
1000000 1.0
1000000 1.0
0000000 1.0
10000X0 1.0
1000000 1.0
10000X0 1.0
0000010 1.0
1000000 1.0
0000000 1.0
0000000 1.0
0000000 1.0
0000000 1.0
1000000 1.0
1000000 0.25
1000000 0.25
1000000 0.25
1000000 0.25
1000000 1.0
1000000 1.0
0000000 1.0
0000000 1.0
1000000 1.0
0000000 1.0
0000000 1.0
1000000 1.0
1000000 1.0
0000000 1.0
1000000 0.5
1000000 0.5
1000000 1.0
1000000 1.0
1000000 1.0
1000000 1.0
0000000 0.5
0000000 0.5
0000000 1.0
0000000 1.0
0000000 1.0
0000000 1.0
1000000 1.0
1000000 1.0
1000000 1.0
0000000 1.0
0000000 0.5
0000000 0.5
1000000 1.0
0000000 1.0
0000000 1.0
0000000 1.0
1000000 1.0
0000000 1.0
0000000 1.0
1000000 1.0
X000000 1.0
0000000 1.0
1000000 0.5
1000000 0.5
1000000 1.0
0000001 1.0
1000000 1.0
0000000 1.0
1000000 1.0
1000000 1.0
1000000 1.0
0000000 1.0
1000000 1.0
0000000 1.0
1000000 1.0
0000000 1.0
1000000 1.0
X000000 1.0
0000000 1.0
0000000 1.0
1000000 1.0
0000000 1.0
0000000 1.0
1000000 1.0
1000000 0.5
1000000 0.5
1000000 1.0
1000000 1.0
1000000 1.0
1000000 1.0
1000000 1.0
1000000 1.0
0000000 0.125
0000000 0.125
0000000 0.125
0000000 0.125
0000000 0.125
0000000 0.125
0000000 0.125
0000000 0.125
0000000 1.0
0000000 1.0
1000000 1.0
0000000 1.0
0000000 1.0
1000000 1.0
1000000 1.0
0000000 1.0
1000000 1.0
1000000 1.0
1000000 1.0
X000000 1.0
0000000 1.0
1000000 1.0
1000000 1.0
0000000 1.0
1000000 1.0
0000000 1.0
1000000 1.0
0000000 1.0
1000000 1.0
0000000 1.0
1000000 1.0
X000000 1.0
1000000 1.0
1000010 1.0
1000000 1.0
1000000 1.0
1000000 1.0
1000000 1.0
0000000 1.0
0000000 1.0
1000000 1.0
1000000 1.0
1000000 1.0
1000000 1.0
1000000 1.0
1000000 1.0
1000000 1.0
0000000 1.0
1000000 1.0
0000000 1.0
1000000 1.0
1000000 1.0
1000000 1.0
1000000 1.0
0000000 1.0
1000000 1.0
1000000 1.0
1000000 1.0
1000000 1.0
1000000 1.0
1000000 1.0
0000000 1.0
1000000 1.0
X000000 1.0
1000000 1.0
0000000 1.0
1000000 1.0
X000000 1.0
0000000 1.0
0000000 1.0
0000000 1.0
X000000 1.0
X000000 1.0
0000000 1.0
1000001 1.0
1000000 1.0
X000000 1.0
100000X 1.0
1000000 1.0
1000000 1.0
0000000 1.0
100000X 1.0
1000000 1.0
0000000 1.0
1000000 1.0
X000000 1.0
1000000 1.0
X000000 1.0
1000010 1.0
1000000 1.0
X000000 1.0
1000000 1.0
1000000 1.0
1000000 1.0
1000000 1.0
X000000 1.0
X000000 1.0
1000000 1.0
1000000 1.0
1000000 1.0
1000000 0.5
1000000 0.5
1000000 1.0
1000000 1.0
1000000 1.0
X000000 1.0
1000010 1.0
0000000 1.0
0000000 1.0
X000000 1.0
0000000 1.0
0000000 1.0
0000000 1.0
1000000 1.0
0000000 1.0
1000000 1.0
X000000 1.0
0000000 1.0
1000000 1.0
X000000 1.0
1111100 1.0
1000000 1.0
1000000 1.0
1000000 1.0
X000001 1.0
1000000 1.0
1000000 1.0
0000000 1.0
0000000 1.0
0000000 1.0
100001X 1.0
X000000 1.0
1000000 1.0
1000011 1.0
1000010 1.0
0000000 1.0
0000000 1.0
1000000 1.0
1000010 1.0
1000001 1.0
X000000 1.0
1000000 1.0
0000000 1.0
100001X 1.0
0000000 1.0
1000000 1.0
1000000 0.25
1000000 0.25
1000000 0.25
1000000 0.25
X000000 1.0
0000000 0.5
0000000 0.5
1000000 1.0
0000000 1.0
0000000 1.0
0000000 1.0
0000000 1.0
