455
5
11111 1.0
00X10 1.0
00010 1.0
01010 0.5
01010 0.5
01010 0.5
01110 0.5
00010 0.25
01010 0.25
00010 0.25
01010 0.25
0XX10 1.0
01010 1.0
X111X 1.0
01110 1.0
11X10 1.0
XX110 1.0
01010 1.0
01010 1.0
01110 1.0
01110 1.0
1111X 1.0
01010 1.0
01010 1.0
00010 1.0
X101X 1.0
1X111 0.5
1X011 0.5
01010 1.0
01X10 1.0
01X10 1.0
00000 1.0
00010 1.0
01010 1.0
01010 1.0
01010 0.5
01010 0.5
01010 1.0
00010 1.0
00010 1.0
01110 1.0
01010 1.0
01010 1.0
00010 1.0
01010 1.0
01010 1.0
01110 1.0
00010 1.0
01010 1.0
01X10 1.0
01010 1.0
00X1X 1.0
01010 1.0
01000 1.0
0101X 1.0
01010 1.0
01010 1.0
0X010 1.0
00010 1.0
11110 0.125
01110 0.125
11110 0.125
01110 0.125
11010 0.125
01010 0.125
01010 0.125
11010 0.125
01010 1.0
00010 1.0
01010 1.0
01010 1.0
01010 1.0
010X0 1.0
01X10 1.0
0X010 1.0
01110 1.0
01010 1.0
01010 1.0
01110 1.0
00X10 1.0
01010 1.0
01010 1.0
01010 1.0
00010 1.0
01X10 1.0
0X110 1.0
01010 1.0
0X010 1.0
00X10 1.0
00110 1.0
X001X 0.25
X101X 0.25
X001X 0.25
X101X 0.25
01010 0.25
01000 0.25
01010 0.25
01000 0.25
00010 0.5
00010 0.5
01110 1.0
01010 1.0
0X010 1.0
01010 1.0
01010 1.0
01010 1.0
1X110 1.0
0XX10 1.0
0X010 1.0
01X10 1.0
0X010 1.0
0XX10 1.0
01010 0.25
00010 0.25
00010 0.25
01010 0.25
01010 1.0
0X010 1.0
00X10 1.0
01010 1.0
01110 1.0
01010 1.0
01010 1.0
01010 1.0
00010 1.0
00110 1.0
01010 1.0
00010 1.0
0X010 1.0
01010 1.0
01010 1.0
01010 1.0
00110 1.0
00010 1.0
00010 0.5
00010 0.5
00010 1.0
00010 1.0
01010 1.0
00010 1.0
0X010 1.0
01010 1.0
01010 1.0
01010 1.0
0X110 1.0
00010 1.0
01010 1.0
00010 1.0
11110 1.0
0X110 1.0
00010 1.0
0X010 1.0
01010 1.0
01110 1.0
00010 1.0
01110 1.0
01110 1.0
11010 1.0
01010 1.0
0X010 1.0
01X10 1.0
0X010 1.0
01010 1.0
0X010 1.0
01010 1.0
0X010 1.0
0X010 1.0
0X010 1.0
01010 1.0
0XX10 1.0
00X10 1.0
00010 1.0
01110 1.0
0X010 1.0
01010 1.0
01100 0.5
01110 0.5
0X010 1.0
1111X 1.0
0X110 1.0
01010 1.0
01010 1.0
01010 1.0
01X10 1.0
01000 1.0
01010 1.0
0X010 1.0
01010 1.0
01110 1.0
01X10 1.0
00110 1.0
00010 1.0
01X10 1.0
00110 1.0
00010 1.0
00000 0.5
00000 0.5
00010 0.5
00010 0.5
01010 1.0
00010 1.0
00010 1.0
01010 1.0
01010 1.0
01010 1.0
00010 1.0
00000 1.0
01110 1.0
00010 1.0
01010 1.0
01010 1.0
01010 1.0
0X010 1.0
01010 1.0
01010 1.0
X111X 1.0
01010 1.0
XX01X 1.0
11011 1.0
01010 1.0
00010 1.0
01010 1.0
01010 1.0
01010 1.0
00010 1.0
01010 0.25
01010 0.25
01010 0.25
01010 0.25
01010 1.0
01010 1.0
00010 1.0
01010 1.0
00010 1.0
00010 1.0
01010 1.0
0X110 1.0
010X0 1.0
01010 1.0
01110 0.5
01110 0.5
01010 1.0
01010 1.0
01X10 1.0
01010 1.0
00010 0.5
00010 0.5
01010 1.0
00010 1.0
01010 1.0
01010 1.0
00010 1.0
01010 1.0
01010 1.0
01010 1.0
00010 0.5
00010 0.5
01010 1.0
01010 1.0
01010 1.0
00010 1.0
01010 1.0
01000 1.0
01010 1.0
01010 1.0
0X010 1.0
01010 1.0
00010 0.5
00010 0.5
01010 1.0
01010 1.0
01010 1.0
01010 1.0
01110 1.0
01010 1.0
01010 1.0
01110 1.0
01X10 1.0
00010 1.0
01010 1.0
01010 1.0
01010 1.0
01X10 1.0
00010 1.0
00010 1.0
01010 1.0
00010 1.0
01110 1.0
01010 1.0
01010 0.5
01010 0.5
00010 1.0
00010 1.0
01010 1.0
00010 1.0
01010 1.0
01010 1.0
00000 0.125
00000 0.125
00000 0.125
00000 0.125
00000 0.125
00000 0.125
00000 0.125
00000 0.125
01010 1.0
01000 1.0
01010 1.0
01010 1.0
01010 1.0
01010 1.0
01010 1.0
00010 1.0
01010 1.0
01010 1.0
01010 1.0
01X10 1.0
01010 1.0
01X10 1.0
01010 1.0
01010 1.0
01010 1.0
00010 1.0
01010 1.0
01010 1.0
01010 1.0
00000 1.0
01110 1.0
01010 1.0
00010 1.0
11110 1.0
01010 1.0
01010 1.0
01010 1.0
00010 1.0
01010 1.0
01010 1.0
01010 1.0
01X10 1.0
01010 1.0
00010 1.0
01010 1.0
01010 1.0
01010 1.0
00010 1.0
01110 1.0
00X10 1.0
0X010 1.0
00010 1.0
01010 1.0
00010 1.0
00010 1.0
01110 1.0
01010 1.0
01010 1.0
01010 1.0
01010 1.0
01010 1.0
01010 1.0
01110 1.0
00110 1.0
01010 1.0
01010 1.0
01010 1.0
01X10 1.0
00000 1.0
00010 1.0
00000 1.0
01010 1.0
01X10 1.0
01010 1.0
01110 1.0
00110 1.0
01110 1.0
01X10 1.0
01110 1.0
01010 1.0
00000 1.0
01X1X 1.0
01X10 1.0
01010 1.0
0X010 1.0
01X1X 1.0
0X010 1.0
01010 1.0
11111 1.0
01010 1.0
01010 1.0
01110 1.0
01010 1.0
01010 1.0
01010 1.0
01010 1.0
01X10 1.0
01010 1.0
0X010 1.0
01X11 1.0
00000 0.5
00010 0.5
01010 1.0
01010 1.0
00010 1.0
01110 1.0
11110 1.0
00010 1.0
01010 1.0
01010 1.0
01010 1.0
01010 1.0
01010 1.0
01010 1.0
00010 1.0
01110 1.0
00010 1.0
00010 1.0
01010 1.0
01X10 1.0
01010 1.0
00010 1.0
01010 1.0
01010 1.0
00010 1.0
01010 1.0
00010 1.0
01010 1.0
01010 1.0
01110 1.0
11111 1.0
00010 1.0
01110 1.0
11X10 1.0
11111 1.0
01010 1.0
01010 1.0
00010 1.0
11110 1.0
01010 1.0
0X000 1.0
01010 1.0
010X0 1.0
11111 1.0
01010 1.0
01X10 1.0
01010 0.25
01010 0.25
01010 0.25
01010 0.25
01010 1.0
00000 0.5
00000 0.5
01010 1.0
00010 1.0
0X010 1.0
01010 1.0
01010 1.0
