455
5
10011 1.0
10000 1.0
10000 1.0
X0000 0.5
X0001 0.5
10000 0.5
10000 0.5
10001 0.25
10001 0.25
10001 0.25
10001 0.25
10000 1.0
10000 1.0
1XXX0 1.0
X0000 1.0
1X010 1.0
100XX 1.0
10000 1.0
X0001 1.0
10000 1.0
X0000 1.0
10010 1.0
10000 1.0
10000 1.0
10000 1.0
1XXX0 1.0
10X11 0.5
10X11 0.5
10000 1.0
10000 1.0
10000 1.0
00000 1.0
10001 1.0
10000 1.0
10000 1.0
10000 0.5
10000 0.5
10000 1.0
10001 1.0
10001 1.0
10000 1.0
10000 1.0
10000 1.0
10000 1.0
10000 1.0
10000 1.0
10001 1.0
10000 1.0
10000 1.0
10000 1.0
10000 1.0
1X001 1.0
10000 1.0
10000 1.0
10001 1.0
10000 1.0
10001 1.0
10000 1.0
10000 1.0
10111 0.125
10101 0.125
10011 0.125
10001 0.125
10011 0.125
10101 0.125
10001 0.125
10111 0.125
10000 1.0
10000 1.0
10000 1.0
10000 1.0
10000 1.0
10000 1.0
10000 1.0
10000 1.0
10001 1.0
10000 1.0
10001 1.0
10001 1.0
11000 1.0
10001 1.0
10000 1.0
10001 1.0
10000 1.0
10X00 1.0
10X0X 1.0
10000 1.0
1000X 1.0
1XX00 1.0
10000 1.0
1XXX0 0.25
1XXX0 0.25
1XXX0 0.25
1XXX0 0.25
10000 0.25
10000 0.25
00000 0.25
00000 0.25
10000 0.5
10000 0.5
10000 1.0
10X00 1.0
1000X 1.0
10X00 1.0
10000 1.0
10X00 1.0
10010 1.0
10000 1.0
1000X 1.0
10000 1.0
1000X 1.0
1000X 1.0
10000 0.25
10000 0.25
10000 0.25
10000 0.25
10001 1.0
10X0X 1.0
10000 1.0
10000 1.0
10000 1.0
1000X 1.0
10X00 1.0
10000 1.0
10000 1.0
10000 1.0
10000 1.0
10000 1.0
1000X 1.0
11001 1.0
10000 1.0
10001 1.0
1000X 1.0
10000 1.0
00000 0.5
10000 0.5
1000X 1.0
1000X 1.0
10000 1.0
0000X 1.0
1000X 1.0
1000X 1.0
10X0X 1.0
10000 1.0
1000X 1.0
1000X 1.0
1000X 1.0
10000 1.0
10010 1.0
1000X 1.0
1000X 1.0
10000 1.0
10000 1.0
10000 1.0
10000 1.0
10001 1.0
10000 1.0
1001X 1.0
10000 1.0
10000 1.0
10000 1.0
10000 1.0
10000 1.0
1000X 1.0
1000X 1.0
10000 1.0
1000X 1.0
1000X 1.0
10001 1.0
1000X 1.0
10000 1.0
1000X 1.0
1000X 1.0
1000X 1.0
1X001 1.0
10001 0.5
10001 0.5
X0000 1.0
1001X 1.0
1000X 1.0
1000X 1.0
X000X 1.0
10001 1.0
10000 1.0
10001 1.0
1000X 1.0
10000 1.0
1000X 1.0
10000 1.0
00001 1.0
10001 1.0
10001 1.0
1000X 1.0
1000X 1.0
1000X 1.0
10000 0.5
10000 0.5
1000X 0.5
1000X 0.5
10000 1.0
X0000 1.0
10001 1.0
10001 1.0
1000X 1.0
10000 1.0
X0000 1.0
10000 1.0
10000 1.0
10000 1.0
10001 1.0
10000 1.0
10000 1.0
10000 1.0
00000 1.0
10000 1.0
100X0 1.0
10001 1.0
100X1 1.0
10011 1.0
10000 1.0
10000 1.0
10000 1.0
10000 1.0
10000 1.0
10000 1.0
10001 0.25
10001 0.25
10001 0.25
10001 0.25
10001 1.0
10001 1.0
10000 1.0
10000 1.0
10000 1.0
10000 1.0
10000 1.0
10000 1.0
10000 1.0
10000 1.0
10001 0.5
10001 0.5
10000 1.0
10000 1.0
10000 1.0
10000 1.0
00000 0.5
10000 0.5
10000 1.0
10000 1.0
10000 1.0
10000 1.0
10000 1.0
10000 1.0
10000 1.0
10000 1.0
10000 0.5
10000 0.5
10000 1.0
10000 1.0
X0000 1.0
10000 1.0
10001 1.0
10001 1.0
10001 1.0
10001 1.0
10000 1.0
10000 1.0
00000 0.5
00000 0.5
10000 1.0
11000 1.0
10001 1.0
10000 1.0
10000 1.0
10001 1.0
10000 1.0
10001 1.0
10000 1.0
10000 1.0
10000 1.0
10001 1.0
10000 1.0
10000 1.0
10000 1.0
10000 1.0
10001 1.0
10000 1.0
10000 1.0
10000 1.0
10001 0.5
10000 0.5
10000 1.0
10001 1.0
10000 1.0
10000 1.0
10000 1.0
10000 1.0
10000 0.125
00000 0.125
10000 0.125
00000 0.125
00000 0.125
10000 0.125
10000 0.125
00000 0.125
10000 1.0
10000 1.0
10001 1.0
10000 1.0
10001 1.0
10001 1.0
10000 1.0
10000 1.0
10000 1.0
10000 1.0
10000 1.0
10000 1.0
00000 1.0
00001 1.0
10000 1.0
10000 1.0
10001 1.0
10000 1.0
10001 1.0
10000 1.0
10000 1.0
10000 1.0
10000 1.0
10000 1.0
10001 1.0
10011 1.0
10000 1.0
10001 1.0
10001 1.0
10000 1.0
10001 1.0
10000 1.0
1000X 1.0
10000 1.0
10001 1.0
10001 1.0
10000 1.0
10001 1.0
10001 1.0
10000 1.0
10001 1.0
10000 1.0
10001 1.0
10000 1.0
10000 1.0
10001 1.0
10000 1.0
1000X 1.0
10001 1.0
10001 1.0
10000 1.0
10000 1.0
10001 1.0
10000 1.0
10000 1.0
10001 1.0
10000 1.0
00000 1.0
10000 1.0
10001 1.0
10001 1.0
10000 1.0
10000 1.0
10001 1.0
10000 1.0
10000 1.0
11001 1.0
10000 1.0
10001 1.0
1X001 1.0
10001 1.0
1000X 1.0
00001 1.0
1X001 1.0
10000 1.0
10000 1.0
10000 1.0
10000 1.0
10000 1.0
10001 1.0
10010 1.0
10000 1.0
10001 1.0
1000X 1.0
10000 1.0
10000 1.0
10000 1.0
10001 1.0
10000 1.0
10001 1.0
10001 1.0
1000X 1.0
10001 0.5
10001 0.5
10000 1.0
10000 1.0
10000 1.0
10000 1.0
X0010 1.0
10000 1.0
10000 1.0
10000 1.0
10000 1.0
10000 1.0
10000 1.0
10000 1.0
10000 1.0
10000 1.0
10000 1.0
10000 1.0
10000 1.0
10000 1.0
10100 1.0
10000 1.0
10000 1.0
00000 1.0
11000 1.0
10000 1.0
10000 1.0
10000 1.0
10000 1.0
10000 1.0
1X010 1.0
X0000 1.0
10001 1.0
11010 1.0
10011 1.0
00000 1.0
10000 1.0
10001 1.0
10010 1.0
11000 1.0
10000 1.0
10000 1.0
10000 1.0
1X011 1.0
10000 1.0
10000 1.0
10000 0.25
10000 0.25
10000 0.25
10000 0.25
10000 1.0
00000 0.5
00000 0.5
10000 1.0
10000 1.0
1000X 1.0
10000 1.0
10001 1.0
