455
7
0011100 1.0
000X100 1.0
0001100 1.0
0010100 0.5
0010100 0.5
001X100 0.5
001X100 0.5
0001100 0.25
0011100 0.25
0001100 0.25
0011100 0.25
00XX100 1.0
0011100 1.0
XX111XX 1.0
0010100 1.0
0011100 1.0
00XX100 1.0
0011100 1.0
0011100 1.0
0011100 1.0
0010100 1.0
0011100 1.0
0010100 1.0
0011100 1.0
0000100 1.0
XX101XX 1.0
XXX11XX 0.5
XXX11XX 0.5
0011100 1.0
0011100 1.0
0011100 1.0
0000000 1.0
0001100 1.0
0010100 1.0
0011100 1.0
0011100 0.5
0011100 0.5
0011100 1.0
0001100 1.0
0001100 1.0
0011100 1.0
0011100 1.0
0010100 1.0
0001100 1.0
0011100 1.0
0010100 1.0
0011100 1.0
0000100 1.0
0011100 1.0
0011100 1.0
0011100 1.0
0001100 1.0
0011100 1.0
0011000 1.0
0011100 1.0
0011100 1.0
0011100 1.0
00X0100 1.0
0001100 1.0
111X111 0.125
111X111 0.125
001X100 0.125
001X100 0.125
001X100 0.125
111X111 0.125
001X100 0.125
111X111 0.125
0011100 1.0
0001100 1.0
0010100 1.0
0011100 1.0
0011100 1.0
0010X00 1.0
0011100 1.0
00X1100 1.0
0011100 1.0
0011100 1.0
0010100 1.0
0011100 1.0
0001100 1.0
0011100 1.0
0011100 1.0
0010100 1.0
0000100 1.0
XX111XX 1.0
XXX11XX 1.0
0011100 1.0
00X1100 1.0
XX011XX 1.0
0001100 1.0
XX011XX 0.25
XX111XX 0.25
XX011XX 0.25
XX111XX 0.25
001X100 0.25
001X000 0.25
001X100 0.25
001X000 0.25
0001100 0.5
0001100 0.5
0010100 1.0
XX111XX 1.0
00X1100 1.0
XX111XX 1.0
0010100 1.0
XX1X1XX 1.0
00X1100 1.0
00X1100 1.0
00X1100 1.0
0011100 1.0
00X1100 1.0
00X1100 1.0
0011100 0.25
0001100 0.25
0001100 0.25
0011100 0.25
0011100 1.0
XXX11XX 1.0
0001100 1.0
0011100 1.0
0011100 1.0
0011100 1.0
XX111XX 1.0
0011100 1.0
0001100 1.0
0001100 1.0
0011100 1.0
0001100 1.0
00X1100 1.0
0011100 1.0
0011100 1.0
0011100 1.0
0001100 1.0
0001100 1.0
0001100 0.5
0001100 0.5
0001100 1.0
0001100 1.0
0011100 1.0
0001100 1.0
00X1100 1.0
0011100 1.0
XX111XX 1.0
0011100 1.0
00X1100 1.0
0001100 1.0
0011100 1.0
0001100 1.0
0011100 1.0
00X1100 1.0
0001100 1.0
00X1100 1.0
0011100 1.0
0011100 1.0
0000100 1.0
0011100 1.0
0011100 1.0
0011100 1.0
0011100 1.0
00X1100 1.0
0011100 1.0
00X1100 1.0
0011100 1.0
00X1100 1.0
0011100 1.0
00X1100 1.0
00X1100 1.0
00X1100 1.0
0011100 1.0
00X1100 1.0
0001100 1.0
0001100 1.0
0011100 1.0
00X1100 1.0
001X100 1.0
0011000 0.5
0011100 0.5
00X1100 1.0
0011100 1.0
00X1100 1.0
0011100 1.0
0011100 1.0
0011100 1.0
0011100 1.0
0011000 1.0
0011100 1.0
00X1100 1.0
0011100 1.0
0010100 1.0
001X100 1.0
0001100 1.0
0001100 1.0
0011100 1.0
0001100 1.0
0001100 1.0
0000000 0.5
0000000 0.5
0001100 0.5
0001100 0.5
0011100 1.0
0001100 1.0
0000100 1.0
0011100 1.0
0011100 1.0
0010100 1.0
0000100 1.0
0000000 1.0
0011100 1.0
0001100 1.0
0011100 1.0
0010100 1.0
001X100 1.0
00X1100 1.0
0011100 1.0
0010100 1.0
0011100 1.0
0011100 1.0
00X1100 1.0
0010100 1.0
0011100 1.0
0000100 1.0
0010100 1.0
0010100 1.0
0010100 1.0
0001100 1.0
0011100 0.25
0011100 0.25
0011100 0.25
0011100 0.25
0011100 1.0
0011100 1.0
0000100 1.0
0010100 1.0
0001100 1.0
0000100 1.0
0010100 1.0
00X1100 1.0
0011X00 1.0
0010100 1.0
0011100 0.5
0011100 0.5
0011100 1.0
0011100 1.0
0011100 1.0
0011100 1.0
0000100 0.5
0000100 0.5
0010100 1.0
0000100 1.0
0010100 1.0
0010100 1.0
0001100 1.0
0011100 1.0
0011100 1.0
0010100 1.0
0000100 0.5
0000100 0.5
0011100 1.0
0010100 1.0
0010100 1.0
0000100 1.0
0011100 1.0
0010000 1.0
0010100 1.0
0011100 1.0
00XX100 1.0
0010100 1.0
0001100 0.5
0001100 0.5
0011100 1.0
0010100 1.0
0011100 1.0
0010100 1.0
0011100 1.0
0011100 1.0
0011100 1.0
0010100 1.0
0011100 1.0
0000100 1.0
0011100 1.0
0010100 1.0
0011100 1.0
001X100 1.0
0000100 1.0
0000100 1.0
0011100 1.0
0000100 1.0
0010100 1.0
0011100 1.0
0011100 0.5
0011100 0.5
0001100 1.0
0001100 1.0
0011100 1.0
0001100 1.0
0011100 1.0
0011100 1.0
0000000 0.125
0000000 0.125
0000000 0.125
0000000 0.125
0000000 0.125
0000000 0.125
0000000 0.125
0000000 0.125
0010100 1.0
0010000 1.0
0011100 1.0
0010100 1.0
0010100 1.0
0011100 1.0
0011100 1.0
0000100 1.0
0011100 1.0
0011100 1.0
0011100 1.0
001X100 1.0
0010100 1.0
0011100 1.0
0011100 1.0
0010100 1.0
0011100 1.0
0000100 1.0
0011100 1.0
0010100 1.0
0011100 1.0
0000000 1.0
0011100 1.0
001X100 1.0
0001100 1.0
0011100 1.0
0011100 1.0
0011100 1.0
0011100 1.0
0001100 1.0
0010100 1.0
0010100 1.0
0011100 1.0
0011100 1.0
0011100 1.0
0001100 1.0
0011100 1.0
0011100 1.0
0011100 1.0
0000100 1.0
0011100 1.0
0000100 1.0
00X1100 1.0
0001100 1.0
0011100 1.0
0001100 1.0
0000100 1.0
0011100 1.0
0011100 1.0
0011100 1.0
0011100 1.0
0011100 1.0
0011100 1.0
0010100 1.0
0011100 1.0
000X100 1.0
0011100 1.0
0010100 1.0
0011100 1.0
001X100 1.0
0000000 1.0
0000100 1.0
0000000 1.0
001X100 1.0
001X100 1.0
0010100 1.0
0011100 1.0
0001100 1.0
001X100 1.0
0011100 1.0
0011100 1.0
0011100 1.0
0000000 1.0
0011100 1.0
0011100 1.0
0010100 1.0
00X1100 1.0
001X100 1.0
00X1100 1.0
001X100 1.0
0011100 1.0
0011100 1.0
001X100 1.0
0011100 1.0
0011100 1.0
0011100 1.0
0011100 1.0
001X100 1.0
001X100 1.0
0011100 1.0
00X1100 1.0
0011100 1.0
0001000 0.5
0001100 0.5
0011100 1.0
0011100 1.0
0001100 1.0
001X100 1.0
0011100 1.0
0000100 1.0
0010100 1.0
001X100 1.0
0010100 1.0
0010100 1.0
0010100 1.0
0011100 1.0
0000100 1.0
0011100 1.0
000X100 1.0
0000100 1.0
0011100 1.0
001X100 1.0
1111111 1.0
0001100 1.0
0011100 1.0
0011100 1.0
000X100 1.0
0011100 1.0
0001100 1.0
0010100 1.0
0010100 1.0
0010100 1.0
0011100 1.0
000X100 1.0
0011100 1.0
0011100 1.0
0011100 1.0
0010100 1.0
0010100 1.0
0001100 1.0
0011100 1.0
0011100 1.0
00XX000 1.0
0011100 1.0
0010X00 1.0
0011100 1.0
0010100 1.0
0011100 1.0
0011100 0.25
0011100 0.25
0011100 0.25
0011100 0.25
001X100 1.0
0000000 0.5
0000000 0.5
0011100 1.0
0000100 1.0
00X0100 1.0
0010100 1.0
0010100 1.0
