455
5
11111 1.0
X1110 1.0
01110 1.0
01110 0.5
01111 0.5
01010 0.5
01010 0.5
11111 0.25
11111 0.25
11111 0.25
11111 0.25
01X10 1.0
11010 1.0
1X010 1.0
11110 1.0
11110 1.0
1111X 1.0
0X010 1.0
11X11 1.0
11110 1.0
11110 1.0
11110 1.0
10110 1.0
01110 1.0
10110 1.0
11110 1.0
11111 0.5
11111 0.5
11X10 1.0
11110 1.0
00110 1.0
00000 1.0
01011 1.0
00010 1.0
01110 1.0
1X110 0.5
1X110 0.5
11010 1.0
01011 1.0
01111 1.0
01110 1.0
11010 1.0
11110 1.0
11010 1.0
01010 1.0
11X10 1.0
11111 1.0
11X10 1.0
11010 1.0
01X10 1.0
01110 1.0
11111 1.0
X1X10 1.0
00100 1.0
11111 1.0
00010 1.0
11111 1.0
01X10 1.0
11110 1.0
11111 0.125
11111 0.125
11111 0.125
11111 0.125
11111 0.125
11111 0.125
11111 0.125
11111 0.125
01110 1.0
01110 1.0
00X10 1.0
00110 1.0
11110 1.0
101X0 1.0
11110 1.0
01X10 1.0
11011 1.0
00110 1.0
01111 1.0
11111 1.0
1XX10 1.0
11111 1.0
01010 1.0
01111 1.0
00010 1.0
01110 1.0
0111X 1.0
11110 1.0
0111X 1.0
11010 1.0
01010 1.0
01110 0.25
01110 0.25
01110 0.25
01110 0.25
11110 0.25
11100 0.25
11110 0.25
11100 0.25
11110 0.5
01110 0.5
00X10 1.0
11110 1.0
1111X 1.0
0X110 1.0
01110 1.0
11110 1.0
11110 1.0
01110 1.0
0X11X 1.0
0X010 1.0
0X11X 1.0
0111X 1.0
01010 0.25
01010 0.25
01010 0.25
01010 0.25
11111 1.0
0101X 1.0
01110 1.0
11110 1.0
01110 1.0
X111X 1.0
1X110 1.0
11110 1.0
01X10 1.0
11110 1.0
1X010 1.0
01110 1.0
1X01X 1.0
11X11 1.0
01110 1.0
01111 1.0
0X11X 1.0
10010 1.0
01110 0.5
01110 0.5
1111X 1.0
0011X 1.0
11110 1.0
0101X 1.0
0111X 1.0
1111X 1.0
1X11X 1.0
11110 1.0
0111X 1.0
1101X 1.0
1111X 1.0
10110 1.0
11110 1.0
1111X 1.0
1101X 1.0
11110 1.0
X1110 1.0
11010 1.0
01010 1.0
11X11 1.0
11110 1.0
1111X 1.0
11110 1.0
11110 1.0
00110 1.0
1X110 1.0
00110 1.0
1111X 1.0
1011X 1.0
1X110 1.0
1111X 1.0
1011X 1.0
11011 1.0
1111X 1.0
10010 1.0
1111X 1.0
1111X 1.0
XX11X 1.0
00011 1.0
01101 0.5
01111 0.5
11X10 1.0
1111X 1.0
1111X 1.0
1111X 1.0
1011X 1.0
11111 1.0
11X10 1.0
00001 1.0
11X1X 1.0
11010 1.0
1111X 1.0
01110 1.0
11111 1.0
01111 1.0
01111 1.0
1111X 1.0
1X11X 1.0
1011X 1.0
00X00 0.5
00X00 0.5
1111X 0.5
1111X 0.5
10110 1.0
00010 1.0
01X11 1.0
11111 1.0
1111X 1.0
0XX10 1.0
00010 1.0
X0000 1.0
10110 1.0
11110 1.0
11111 1.0
00110 1.0
11X10 1.0
10010 1.0
10110 1.0
01010 1.0
11110 1.0
01011 1.0
11111 1.0
11111 1.0
11110 1.0
01110 1.0
01110 1.0
00X10 1.0
00110 1.0
00010 1.0
01011 0.25
01111 0.25
01011 0.25
01111 0.25
11111 1.0
01X11 1.0
00110 1.0
01110 1.0
00110 1.0
01110 1.0
01110 1.0
00110 1.0
011X0 1.0
11110 1.0
01111 0.5
01111 0.5
01110 1.0
01110 1.0
11110 1.0
01110 1.0
01110 0.5
01110 0.5
00010 1.0
11010 1.0
11010 1.0
0X110 1.0
01010 1.0
11110 1.0
11X10 1.0
X1110 1.0
01110 0.5
11110 0.5
11110 1.0
00110 1.0
1XX10 1.0
11110 1.0
11111 1.0
10101 1.0
11111 1.0
11011 1.0
01X10 1.0
01110 1.0
10110 0.5
10110 0.5
11110 1.0
01110 1.0
01X11 1.0
01110 1.0
11110 1.0
11111 1.0
10110 1.0
1X111 1.0
11110 1.0
01110 1.0
11110 1.0
11111 1.0
11010 1.0
01X10 1.0
00010 1.0
01110 1.0
10111 1.0
01010 1.0
11110 1.0
01110 1.0
11111 0.5
11110 0.5
11110 1.0
11111 1.0
11110 1.0
10110 1.0
11110 1.0
11110 1.0
00100 0.125
00100 0.125
00100 0.125
00100 0.125
00100 0.125
00100 0.125
00100 0.125
00100 0.125
01110 1.0
00000 1.0
11111 1.0
10110 1.0
11111 1.0
11111 1.0
11110 1.0
01110 1.0
11110 1.0
01110 1.0
10110 1.0
10X10 1.0
00110 1.0
11111 1.0
01110 1.0
11110 1.0
11111 1.0
00010 1.0
11011 1.0
01110 1.0
01110 1.0
00000 1.0
11110 1.0
11X10 1.0
00011 1.0
11111 1.0
11110 1.0
11111 1.0
11111 1.0
00X10 1.0
11111 1.0
01010 1.0
X111X 1.0
11X10 1.0
0X011 1.0
11111 1.0
01110 1.0
01111 1.0
11111 1.0
11010 1.0
11111 1.0
00X10 1.0
11111 1.0
01110 1.0
11110 1.0
11111 1.0
11110 1.0
1X11X 1.0
1X111 1.0
11111 1.0
1X110 1.0
XX110 1.0
11111 1.0
01110 1.0
11110 1.0
10111 1.0
10110 1.0
11010 1.0
11110 1.0
11111 1.0
10101 1.0
01010 1.0
10100 1.0
11111 1.0
11X10 1.0
01110 1.0
01111 1.0
11110 1.0
11X11 1.0
11111 1.0
11111 1.0
1111X 1.0
10X01 1.0
10111 1.0
11110 1.0
11X10 1.0
11010 1.0
11110 1.0
10110 1.0
11X11 1.0
11110 1.0
10110 1.0
01111 1.0
1111X 1.0
11110 1.0
11110 1.0
11110 1.0
11111 1.0
11X10 1.0
1XX11 1.0
11X11 1.0
1111X 1.0
1XX01 0.5
1XX11 0.5
11110 1.0
01110 1.0
0XX10 1.0
00110 1.0
1X110 1.0
00010 1.0
01110 1.0
X1110 1.0
01110 1.0
0X010 1.0
00010 1.0
01110 1.0
11110 1.0
1X110 1.0
11110 1.0
01110 1.0
00110 1.0
11X10 1.0
01110 1.0
11110 1.0
11X10 1.0
01010 1.0
0X110 1.0
11110 1.0
11110 1.0
11110 1.0
0X110 1.0
01110 1.0
11010 1.0
00X10 1.0
11111 1.0
11110 1.0
11111 1.0
00110 1.0
10010 1.0
11111 1.0
11110 1.0
11110 1.0
0XX00 1.0
11110 1.0
101X0 1.0
11111 1.0
10X10 1.0
1XX10 1.0
01110 0.25
01110 0.25
11110 0.25
11110 0.25
10X10 1.0
00000 0.5
00000 0.5
10110 1.0
X1110 1.0
1111X 1.0
11110 1.0
01111 1.0
