455
7
1111111 1.0
0001X00 1.0
0001000 1.0
000X000 0.5
001X000 0.5
0001000 0.5
0001100 0.5
0011000 0.25
0011000 0.25
0011000 0.25
0011000 0.25
0001X00 1.0
0001000 1.0
XX011XX 1.0
000X100 1.0
1101X11 1.0
XXX11XX 1.0
0001000 1.0
001X000 1.0
0001100 1.0
000X100 1.0
1101111 1.0
0001000 1.0
0001000 1.0
0001000 1.0
XX010XX 1.0
1111111 0.5
1111011 0.5
0001000 1.0
0001X00 1.0
0001X00 1.0
0000000 1.0
0011000 1.0
0001000 1.0
0001000 1.0
0001000 0.5
0001000 0.5
0001000 1.0
0011000 1.0
0011000 1.0
0001100 1.0
0001000 1.0
0001000 1.0
0001000 1.0
0001000 1.0
0001000 1.0
0011100 1.0
0001000 1.0
0001000 1.0
0001X00 1.0
0001000 1.0
0011X00 1.0
0001000 1.0
0001000 1.0
0011000 1.0
0001000 1.0
0011000 1.0
0001000 1.0
0001000 1.0
1111111 0.125
0011100 0.125
1111111 0.125
0011100 0.125
1111011 0.125
0011000 0.125
0011000 0.125
1111011 0.125
0001000 1.0
0001000 1.0
0001000 1.0
0001000 1.0
0001000 1.0
0001000 1.0
0001X00 1.0
0001000 1.0
0011100 1.0
0001000 1.0
0011000 1.0
0011100 1.0
0001X00 1.0
0011000 1.0
0001000 1.0
0011000 1.0
0001000 1.0
0001X00 1.0
00X1100 1.0
0001000 1.0
00X1000 1.0
0001X00 1.0
0001100 1.0
XX010XX 0.25
XX010XX 0.25
XX010XX 0.25
XX010XX 0.25
0001000 0.25
0001000 0.25
0000000 0.25
0000000 0.25
0001000 0.5
0001000 0.5
0001100 1.0
0001000 1.0
00X1000 1.0
0001000 1.0
0001000 1.0
0001000 1.0
1101111 1.0
0001X00 1.0
00X1000 1.0
0001X00 1.0
00X1000 1.0
00X1X00 1.0
0001000 0.25
0001000 0.25
0001000 0.25
0001000 0.25
0011000 1.0
00X1000 1.0
0001X00 1.0
0001000 1.0
0001100 1.0
00X1000 1.0
0001000 1.0
0001000 1.0
0001000 1.0
0001100 1.0
0001000 1.0
0001000 1.0
00X1000 1.0
0011000 1.0
0001000 1.0
0011000 1.0
00X1100 1.0
0001000 1.0
0000000 0.5
0001000 0.5
00X1000 1.0
00X1000 1.0
0001000 1.0
00X0000 1.0
00X1000 1.0
00X1000 1.0
00X1000 1.0
0001000 1.0
00X1100 1.0
00X1000 1.0
00X1000 1.0
0001000 1.0
1101111 1.0
00X1100 1.0
00X1000 1.0
0001000 1.0
0001000 1.0
0001100 1.0
0001000 1.0
0011100 1.0
0001100 1.0
11X1011 1.0
0001000 1.0
0001000 1.0
0001X00 1.0
0001000 1.0
0001000 1.0
00X1000 1.0
00X1000 1.0
0001000 1.0
00X1000 1.0
00X1000 1.0
0011000 1.0
00X1X00 1.0
0001X00 1.0
00X1000 1.0
00X1100 1.0
00X1000 1.0
0011000 1.0
0011100 0.5
0011100 0.5
000X000 1.0
11X1111 1.0
00X1100 1.0
00X1000 1.0
00XX000 1.0
0011000 1.0
0001X00 1.0
0011000 1.0
00X1000 1.0
0001000 1.0
00X1000 1.0
0001100 1.0
0010X00 1.0
0011100 1.0
0011000 1.0
00X1X00 1.0
00X1100 1.0
00X1000 1.0
0001000 0.5
0001000 0.5
00X1000 0.5
00X1000 0.5
0001000 1.0
000X000 1.0
0011000 1.0
0011000 1.0
00X1000 1.0
0001000 1.0
000X000 1.0
0001000 1.0
0001100 1.0
0001000 1.0
0011000 1.0
0001000 1.0
0001000 1.0
0001000 1.0
0000000 1.0
0001000 1.0
XX011XX 1.0
0011000 1.0
XX110XX 1.0
1111011 1.0
0001000 1.0
0001000 1.0
0001000 1.0
0001000 1.0
0001000 1.0
0001000 1.0
0011000 0.25
0011000 0.25
0011000 0.25
0011000 0.25
0011000 1.0
0011000 1.0
0001000 1.0
0001000 1.0
0001000 1.0
0001000 1.0
0001000 1.0
0001100 1.0
0001000 1.0
0001000 1.0
0011100 0.5
0011100 0.5
0001000 1.0
0001000 1.0
0001X00 1.0
0001000 1.0
0000000 0.5
0001000 0.5
0001000 1.0
0001000 1.0
0001000 1.0
0001000 1.0
0001000 1.0
0001000 1.0
0001000 1.0
0001000 1.0
0001000 0.5
0001000 0.5
0001000 1.0
0001000 1.0
000X000 1.0
0001000 1.0
0011000 1.0
0011000 1.0
0011000 1.0
0011000 1.0
0001000 1.0
0001000 1.0
0000000 0.5
0000000 0.5
0001000 1.0
0001000 1.0
0011000 1.0
0001000 1.0
0001100 1.0
0011000 1.0
0001000 1.0
0011100 1.0
0001X00 1.0
0001000 1.0
0001000 1.0
0011000 1.0
0001000 1.0
0001X00 1.0
0001000 1.0
0001000 1.0
0011000 1.0
0001000 1.0
0001100 1.0
0001000 1.0
0011000 0.5
0001000 0.5
0001000 1.0
0011000 1.0
0001000 1.0
0001000 1.0
0001000 1.0
0001000 1.0
0001000 0.125
0000000 0.125
0001000 0.125
0000000 0.125
0000000 0.125
0001000 0.125
0001000 0.125
0000000 0.125
0001000 1.0
0001000 1.0
0011000 1.0
0001000 1.0
0011000 1.0
0011000 1.0
0001000 1.0
0001000 1.0
0001000 1.0
0001000 1.0
0001000 1.0
0001X00 1.0
0000000 1.0
0010X00 1.0
0001000 1.0
0001000 1.0
0011000 1.0
0001000 1.0
0011000 1.0
0001000 1.0
0001000 1.0
0001000 1.0
0001100 1.0
0001000 1.0
0011000 1.0
1111111 1.0
0001000 1.0
0011000 1.0
0011000 1.0
0001000 1.0
0011000 1.0
0001000 1.0
00X1000 1.0
0001X00 1.0
0011000 1.0
0011000 1.0
0001000 1.0
0011000 1.0
0011000 1.0
0001000 1.0
0011100 1.0
0001X00 1.0
0011000 1.0
0001000 1.0
0001000 1.0
0011000 1.0
0001000 1.0
00X1100 1.0
0011000 1.0
0011000 1.0
0001000 1.0
0001000 1.0
0011000 1.0
0001000 1.0
0001100 1.0
0011100 1.0
0001000 1.0
0000000 1.0
0001000 1.0
0011X00 1.0
0011000 1.0
0001000 1.0
0001000 1.0
0011000 1.0
0001X00 1.0
0001000 1.0
0011100 1.0
0001100 1.0
0011100 1.0
0011X00 1.0
0011100 1.0
00X1000 1.0
0010000 1.0
0011X00 1.0
0001X00 1.0
0001000 1.0
0001000 1.0
0001X00 1.0
0001000 1.0
0011000 1.0
1101111 1.0
0001000 1.0
0011000 1.0
00X1100 1.0
0001000 1.0
0001000 1.0
0001000 1.0
0011000 1.0
0001X00 1.0
0011000 1.0
0011000 1.0
00X1X00 1.0
0011000 0.5
0011000 0.5
0001000 1.0
0001000 1.0
0001000 1.0
0001100 1.0
110X111 1.0
0001000 1.0
0001000 1.0
0001000 1.0
0001000 1.0
0001000 1.0
0001000 1.0
0001000 1.0
0001000 1.0
0001100 1.0
0001000 1.0
0001000 1.0
0001000 1.0
0001X00 1.0
0001000 1.0
0001000 1.0
0001000 1.0
0000000 1.0
0001000 1.0
0001000 1.0
0001000 1.0
0001000 1.0
0001000 1.0
0001100 1.0
1101111 1.0
000X000 1.0
0011100 1.0
1101X11 1.0
1111111 1.0
0000000 1.0
0001000 1.0
0011000 1.0
1101111 1.0
0001000 1.0
0001000 1.0
0001000 1.0
0001000 1.0
1111111 1.0
0001000 1.0
0001X00 1.0
0001000 0.25
0001000 0.25
0001000 0.25
0001000 0.25
0001000 1.0
0000000 0.5
0000000 0.5
0001000 1.0
0001000 1.0
00X1000 1.0
0001000 1.0
0011000 1.0
