455
5
1011X 1.0
00X11 1.0
00111 1.0
00011 0.5
00011 0.5
00X01 0.5
00X01 0.5
00110 0.25
00110 0.25
00111 0.25
00111 0.25
00XX1 1.0
00101 1.0
XX101 1.0
00011 1.0
0X111 1.0
00X10 1.0
00101 1.0
001X1 1.0
00111 1.0
00011 1.0
X0111 1.0
00011 1.0
00110 1.0
00010 1.0
XX011 1.0
1011X 0.5
1011X 0.5
001X1 1.0
00111 1.0
0011X 1.0
00000 1.0
00101 1.0
00001 1.0
00111 1.0
00111 0.5
00111 0.5
00101 1.0
00101 1.0
00110 1.0
00110 1.0
00101 1.0
00011 1.0
00100 1.0
00101 1.0
000X1 1.0
00111 1.0
000X1 1.0
00101 1.0
001X1 1.0
00111 1.0
XX110 1.0
001X1 1.0
00111 1.0
X011X 1.0
00101 1.0
00111 1.0
000X0 1.0
00110 1.0
00X1X 0.125
00X1X 0.125
00X1X 0.125
00X1X 0.125
00X1X 0.125
00X1X 0.125
00X1X 0.125
00X1X 0.125
00111 1.0
00111 1.0
000X1 1.0
00110 1.0
00111 1.0
00010 1.0
00111 1.0
001X1 1.0
00101 1.0
00110 1.0
00011 1.0
00111 1.0
011XX 1.0
00111 1.0
00101 1.0
00011 1.0
00000 1.0
00111 1.0
0011X 1.0
00111 1.0
00111 1.0
0X100 1.0
00100 1.0
XX110 0.25
XX110 0.25
XX111 0.25
XX111 0.25
00X11 0.25
00X11 0.25
00X11 0.25
00X11 0.25
00111 0.5
00111 0.5
000X1 1.0
0011X 1.0
00110 1.0
0011X 1.0
00010 1.0
00X1X 1.0
0011X 1.0
00110 1.0
0011X 1.0
00100 1.0
0011X 1.0
00111 1.0
00101 0.25
00101 0.25
00100 0.25
00100 0.25
00111 1.0
0010X 1.0
0011X 1.0
0011X 1.0
00111 1.0
0011X 1.0
0011X 1.0
00111 1.0
001X0 1.0
00110 1.0
00101 1.0
0011X 1.0
0010X 1.0
011X1 1.0
00111 1.0
00111 1.0
00110 1.0
00100 1.0
00110 0.5
00110 0.5
00110 1.0
0011X 1.0
00111 1.0
0010X 1.0
0011X 1.0
00110 1.0
00110 1.0
00111 1.0
0011X 1.0
00100 1.0
0011X 1.0
0011X 1.0
0011X 1.0
0011X 1.0
0010X 1.0
00111 1.0
0011X 1.0
00100 1.0
00000 1.0
001X1 1.0
00110 1.0
00110 1.0
00110 1.0
0011X 1.0
00111 1.0
0011X 1.0
00111 1.0
0011X 1.0
0011X 1.0
0011X 1.0
0011X 1.0
0011X 1.0
00101 1.0
0011X 1.0
00100 1.0
00110 1.0
00110 1.0
00110 1.0
0XX01 1.0
00111 0.5
00111 0.5
001XX 1.0
X011X 1.0
0011X 1.0
0011X 1.0
0011X 1.0
00111 1.0
001X1 1.0
00101 1.0
001XX 1.0
00100 1.0
0011X 1.0
00011 1.0
00X11 1.0
00111 1.0
00110 1.0
00111 1.0
0011X 1.0
00110 1.0
000X0 0.5
000X0 0.5
0011X 0.5
0011X 0.5
00111 1.0
00100 1.0
000X0 1.0
00111 1.0
00111 1.0
000X1 1.0
00000 1.0
00000 1.0
00111 1.0
00110 1.0
00110 1.0
00010 1.0
00XXX 1.0
00101 1.0
00110 1.0
00000 1.0
X011X 1.0
00100 1.0
X011X 1.0
10011 1.0
00110 1.0
00010 1.0
00011 1.0
000X1 1.0
00011 1.0
00100 1.0
00101 0.25
00111 0.25
00101 0.25
00111 0.25
00111 1.0
001X1 1.0
00010 1.0
00011 1.0
00110 1.0
00010 1.0
00011 1.0
00111 1.0
00110 1.0
00010 1.0
00111 0.5
00111 0.5
00111 1.0
00111 1.0
00111 1.0
00111 1.0
00010 0.5
00010 0.5
0000X 1.0
00000 1.0
00000 1.0
00011 1.0
00100 1.0
00111 1.0
001X1 1.0
00010 1.0
00011 0.5
00011 0.5
00111 1.0
00010 1.0
000XX 1.0
00011 1.0
00111 1.0
00011 1.0
00011 1.0
00101 1.0
00XX1 1.0
00011 1.0
00110 0.5
00110 0.5
00111 1.0
01011 1.0
001XX 1.0
00010 1.0
00110 1.0
00111 1.0
00111 1.0
00011 1.0
00110 1.0
00010 1.0
00111 1.0
00011 1.0
00101 1.0
00XX1 1.0
00000 1.0
00010 1.0
00110 1.0
00000 1.0
0001X 1.0
00110 1.0
00111 0.5
00111 0.5
00111 1.0
00110 1.0
00111 1.0
00110 1.0
00111 1.0
00111 1.0
00010 0.125
00010 0.125
00010 0.125
00010 0.125
00010 0.125
00010 0.125
00010 0.125
00010 0.125
00011 1.0
00001 1.0
00111 1.0
00011 1.0
0001X 1.0
00111 1.0
00111 1.0
00010 1.0
00110 1.0
00110 1.0
00110 1.0
00XX1 1.0
00011 1.0
00111 1.0
00111 1.0
00011 1.0
00111 1.0
00001 1.0
00101 1.0
00011 1.0
00111 1.0
00000 1.0
00111 1.0
00XX1 1.0
00100 1.0
00111 1.0
00111 1.0
00111 1.0
00111 1.0
001X0 1.0
00011 1.0
00001 1.0
0011X 1.0
001X0 1.0
00101 1.0
00110 1.0
00111 1.0
00111 1.0
00111 1.0
00000 1.0
00111 1.0
000X0 1.0
00111 1.0
00110 1.0
00110 1.0
00110 1.0
00011 1.0
0011X 1.0
00111 1.0
0011X 1.0
00111 1.0
0011X 1.0
00111 1.0
00010 1.0
00111 1.0
00X11 1.0
00110 1.0
00001 1.0
00111 1.0
00X1X 1.0
00010 1.0
00001 1.0
00010 1.0
00X11 1.0
00XX1 1.0
00011 1.0
01111 1.0
00111 1.0
00XX1 1.0
0X111 1.0
00111 1.0
00110 1.0
000X0 1.0
XX11X 1.0
0011X 1.0
000X1 1.0
00101 1.0
X0X1X 1.0
0011X 1.0
00XX1 1.0
1011X 1.0
0011X 1.0
00X11 1.0
0011X 1.0
00111 1.0
00111 1.0
00111 1.0
00X11 1.0
00XXX 1.0
001X0 1.0
001XX 1.0
10111 1.0
001X0 0.5
001X0 0.5
00111 1.0
0011X 1.0
001X1 1.0
00X11 1.0
0011X 1.0
00000 1.0
00010 1.0
00X1X 1.0
00011 1.0
00001 1.0
00001 1.0
00111 1.0
00010 1.0
00111 1.0
00X10 1.0
00010 1.0
00111 1.0
00XX1 1.0
00111 1.0
00110 1.0
001X0 1.0
00101 1.0
01X10 1.0
00111 1.0
00110 1.0
00010 1.0
00010 1.0
00011 1.0
1X101 1.0
00XX0 1.0
00111 1.0
0111X 1.0
10111 1.0
00011 1.0
0000X 1.0
00110 1.0
00111 1.0
01111 1.0
00XXX 1.0
0011X 1.0
00011 1.0
1X111 1.0
000XX 1.0
001X0 1.0
00111 0.25
00111 0.25
00111 0.25
00111 0.25
00XXX 1.0
00000 0.5
00001 0.5
0011X 1.0
00010 1.0
0001X 1.0
00010 1.0
00011 1.0
