455
5
01101 1.0
00100 1.0
00100 1.0
00100 0.5
00101 0.5
00100 0.5
00100 0.5
00101 0.25
00101 0.25
00101 0.25
00101 0.25
00100 1.0
00100 1.0
XX1X0 1.0
00100 1.0
011X0 1.0
0X10X 1.0
00100 1.0
00101 1.0
00100 1.0
00100 1.0
01100 1.0
00100 1.0
00100 1.0
00100 1.0
XX1X0 1.0
X1101 0.5
X1101 0.5
00100 1.0
00100 1.0
00100 1.0
00000 1.0
00101 1.0
00100 1.0
00100 1.0
00100 0.5
00100 0.5
00100 1.0
00101 1.0
00101 1.0
00100 1.0
00100 1.0
00100 1.0
00100 1.0
00100 1.0
00100 1.0
00101 1.0
00100 1.0
00100 1.0
00100 1.0
00100 1.0
001X1 1.0
00100 1.0
00000 1.0
00101 1.0
00100 1.0
00101 1.0
00100 1.0
00100 1.0
11101 0.125
10101 0.125
01101 0.125
00101 0.125
01101 0.125
10101 0.125
00101 0.125
11101 0.125
00100 1.0
00100 1.0
00100 1.0
00100 1.0
00100 1.0
00X00 1.0
00100 1.0
00100 1.0
00101 1.0
00100 1.0
00101 1.0
00101 1.0
00110 1.0
00101 1.0
00100 1.0
00101 1.0
00100 1.0
X0100 1.0
X010X 1.0
00100 1.0
0010X 1.0
X01X0 1.0
00100 1.0
XX1X0 0.25
XX1X0 0.25
XX1X0 0.25
XX1X0 0.25
00100 0.25
00000 0.25
00100 0.25
00000 0.25
00100 0.5
00100 0.5
00100 1.0
X0100 1.0
0010X 1.0
X0100 1.0
00100 1.0
X0100 1.0
01100 1.0
00100 1.0
0010X 1.0
00100 1.0
0010X 1.0
0010X 1.0
00100 0.25
00100 0.25
00100 0.25
00100 0.25
00101 1.0
X010X 1.0
00100 1.0
00100 1.0
00100 1.0
0010X 1.0
X0100 1.0
00100 1.0
00100 1.0
00100 1.0
00100 1.0
00100 1.0
0010X 1.0
00111 1.0
00100 1.0
00101 1.0
0010X 1.0
00100 1.0
00100 0.5
00100 0.5
0010X 1.0
0010X 1.0
00100 1.0
0010X 1.0
0010X 1.0
0010X 1.0
X010X 1.0
00100 1.0
0010X 1.0
0010X 1.0
0010X 1.0
00100 1.0
01100 1.0
0010X 1.0
0010X 1.0
00100 1.0
00100 1.0
00100 1.0
00100 1.0
00101 1.0
00100 1.0
0110X 1.0
00100 1.0
00100 1.0
00100 1.0
00100 1.0
00100 1.0
0010X 1.0
0010X 1.0
00100 1.0
0010X 1.0
0010X 1.0
00101 1.0
0010X 1.0
00100 1.0
0010X 1.0
0010X 1.0
0010X 1.0
001X1 1.0
00001 0.5
00101 0.5
00100 1.0
0110X 1.0
0010X 1.0
0010X 1.0
0010X 1.0
00101 1.0
00100 1.0
00001 1.0
0010X 1.0
00100 1.0
0010X 1.0
00100 1.0
00101 1.0
00101 1.0
00101 1.0
0010X 1.0
0010X 1.0
0010X 1.0
00000 0.5
00000 0.5
0010X 0.5
0010X 0.5
00100 1.0
00100 1.0
00101 1.0
00101 1.0
0010X 1.0
00100 1.0
00100 1.0
00000 1.0
00100 1.0
00100 1.0
00101 1.0
00100 1.0
00100 1.0
00100 1.0
00100 1.0
00100 1.0
0X100 1.0
00101 1.0
0X101 1.0
01101 1.0
00100 1.0
00100 1.0
00100 1.0
00100 1.0
00100 1.0
00100 1.0
00101 0.25
00101 0.25
00101 0.25
00101 0.25
00101 1.0
00101 1.0
00100 1.0
00100 1.0
00100 1.0
00100 1.0
00100 1.0
00100 1.0
00X00 1.0
00100 1.0
00101 0.5
00101 0.5
00100 1.0
00100 1.0
00100 1.0
00100 1.0
00100 0.5
00100 0.5
00100 1.0
00100 1.0
00100 1.0
00100 1.0
00100 1.0
00100 1.0
00100 1.0
00100 1.0
00100 0.5
00100 0.5
00100 1.0
00100 1.0
00100 1.0
00100 1.0
00101 1.0
00001 1.0
00101 1.0
00101 1.0
00100 1.0
00100 1.0
00100 0.5
00100 0.5
00100 1.0
00110 1.0
00101 1.0
00100 1.0
00100 1.0
00101 1.0
00100 1.0
00101 1.0
00100 1.0
00100 1.0
00100 1.0
00101 1.0
00100 1.0
00100 1.0
00100 1.0
00100 1.0
00101 1.0
00100 1.0
00100 1.0
00100 1.0
00101 0.5
00100 0.5
00100 1.0
00101 1.0
00100 1.0
00100 1.0
00100 1.0
00100 1.0
00000 0.125
00000 0.125
00000 0.125
00000 0.125
00000 0.125
00000 0.125
00000 0.125
00000 0.125
00100 1.0
00000 1.0
00101 1.0
00100 1.0
00101 1.0
00101 1.0
00100 1.0
00100 1.0
00100 1.0
00100 1.0
00100 1.0
00100 1.0
00100 1.0
00101 1.0
00100 1.0
00100 1.0
00101 1.0
00100 1.0
00101 1.0
00100 1.0
00100 1.0
00000 1.0
00100 1.0
00100 1.0
00101 1.0
01101 1.0
00100 1.0
00101 1.0
00101 1.0
00100 1.0
00101 1.0
00100 1.0
0010X 1.0
00100 1.0
00101 1.0
00101 1.0
00100 1.0
00101 1.0
00101 1.0
00100 1.0
00101 1.0
00100 1.0
00101 1.0
00100 1.0
00100 1.0
00101 1.0
00100 1.0
0010X 1.0
00101 1.0
00101 1.0
00100 1.0
00100 1.0
00101 1.0
00100 1.0
00100 1.0
00101 1.0
00100 1.0
00100 1.0
00100 1.0
00101 1.0
00001 1.0
00100 1.0
00000 1.0
00101 1.0
00100 1.0
00100 1.0
00111 1.0
00100 1.0
00101 1.0
001X1 1.0
00101 1.0
0010X 1.0
00001 1.0
001X1 1.0
00100 1.0
00100 1.0
00100 1.0
00100 1.0
00100 1.0
00101 1.0
01100 1.0
00100 1.0
00101 1.0
0010X 1.0
00100 1.0
00100 1.0
00100 1.0
00101 1.0
00100 1.0
00101 1.0
00101 1.0
0010X 1.0
00001 0.5
00101 0.5
00100 1.0
00100 1.0
00100 1.0
00100 1.0
01100 1.0
00100 1.0
00100 1.0
00100 1.0
00100 1.0
00100 1.0
00100 1.0
00100 1.0
00100 1.0
00100 1.0
00100 1.0
00100 1.0
00100 1.0
00100 1.0
10100 1.0
00100 1.0
00100 1.0
00100 1.0
00110 1.0
00100 1.0
00100 1.0
00100 1.0
00100 1.0
00100 1.0
011X0 1.0
00100 1.0
00101 1.0
01110 1.0
01101 1.0
00100 1.0
00100 1.0
00101 1.0
01100 1.0
00110 1.0
00000 1.0
00100 1.0
00X00 1.0
011X1 1.0
00100 1.0
00100 1.0
00100 0.25
00100 0.25
00100 0.25
00100 0.25
00100 1.0
00000 0.5
00000 0.5
00100 1.0
00100 1.0
0010X 1.0
00100 1.0
00101 1.0
