455
5
1X100 1.0
01100 1.0
01100 1.0
01100 0.5
01100 0.5
01100 0.5
01100 0.5
00100 0.25
00100 0.25
01100 0.25
01100 0.25
01100 1.0
01100 1.0
X1XXX 1.0
01100 1.0
0110X 1.0
00100 1.0
01X00 1.0
01100 1.0
01100 1.0
01100 1.0
X1100 1.0
01000 1.0
00100 1.0
00000 1.0
X11XX 1.0
1X1X0 0.5
1X1X0 0.5
01100 1.0
01100 1.0
0X000 1.0
00000 1.0
01100 1.0
01000 1.0
01100 1.0
01X00 0.5
01X00 0.5
01100 1.0
01100 1.0
00100 1.0
00100 1.0
01100 1.0
01100 1.0
00100 1.0
01100 1.0
01100 1.0
01100 1.0
01100 1.0
01100 1.0
01100 1.0
01100 1.0
X010X 1.0
01100 1.0
01000 1.0
XX100 1.0
01000 1.0
01100 1.0
00100 1.0
00100 1.0
0X110 0.125
0X110 0.125
0X100 0.125
0X100 0.125
0X100 0.125
0X110 0.125
0X100 0.125
0X110 0.125
01100 1.0
01100 1.0
01000 1.0
00000 1.0
01100 1.0
00000 1.0
01100 1.0
01100 1.0
01100 1.0
00000 1.0
01100 1.0
01100 1.0
0XX01 1.0
01100 1.0
01100 1.0
01100 1.0
00000 1.0
011X0 1.0
0X1X0 1.0
01100 1.0
01100 1.0
001XX 1.0
00100 1.0
X01XX 0.25
X01XX 0.25
X11XX 0.25
X11XX 0.25
01100 0.25
01100 0.25
01100 0.25
01100 0.25
01100 0.5
01100 0.5
01000 1.0
0X1X0 1.0
00100 1.0
0XXX0 1.0
00100 1.0
0X1X0 1.0
0X100 1.0
00100 1.0
0XX00 1.0
00X00 1.0
0XX00 1.0
01100 1.0
01100 0.25
01100 0.25
00100 0.25
00100 0.25
01100 1.0
0X1X0 1.0
0X100 1.0
0X100 1.0
01100 1.0
0X100 1.0
0XXX0 1.0
01100 1.0
00100 1.0
00100 1.0
01X00 1.0
0X100 1.0
0XX00 1.0
01101 1.0
01100 1.0
01100 1.0
00X00 1.0
00000 1.0
00100 0.5
00100 0.5
00100 1.0
0X000 1.0
01100 1.0
0X100 1.0
0X100 1.0
00100 1.0
00XX0 1.0
01100 1.0
0X100 1.0
00100 1.0
0X100 1.0
0X000 1.0
0X100 1.0
0X100 1.0
0X100 1.0
01100 1.0
0X100 1.0
00100 1.0
00100 1.0
01100 1.0
00100 1.0
00100 1.0
00100 1.0
0X100 1.0
01000 1.0
0XX00 1.0
01000 1.0
0X100 1.0
0X000 1.0
0XX00 1.0
0X100 1.0
0X000 1.0
01100 1.0
0X100 1.0
00000 1.0
00100 1.0
00100 1.0
00X00 1.0
0100X 1.0
01100 0.5
01100 0.5
0X100 1.0
XX100 1.0
0X100 1.0
0X100 1.0
0X000 1.0
01100 1.0
01100 1.0
01000 1.0
0X100 1.0
00100 1.0
0X100 1.0
01100 1.0
01100 1.0
01100 1.0
00100 1.0
01100 1.0
0XX00 1.0
00000 1.0
00000 0.5
00000 0.5
0X100 0.5
0X100 0.5
01000 1.0
00000 1.0
00100 1.0
01100 1.0
01100 1.0
01X00 1.0
00000 1.0
00000 1.0
01000 1.0
00100 1.0
00100 1.0
00000 1.0
0X100 1.0
01000 1.0
00000 1.0
00100 1.0
XX100 1.0
00100 1.0
XX100 1.0
11100 1.0
00100 1.0
00100 1.0
01100 1.0
01000 1.0
01000 1.0
00000 1.0
01100 0.25
01100 0.25
01100 0.25
01100 0.25
01100 1.0
01100 1.0
00000 1.0
01100 1.0
00000 1.0
00100 1.0
01100 1.0
01000 1.0
00100 1.0
00100 1.0
01100 0.5
01100 0.5
01100 1.0
01100 1.0
01100 1.0
01100 1.0
00100 0.5
00100 0.5
0X000 1.0
00100 1.0
00100 1.0
01X00 1.0
00100 1.0
01100 1.0
01100 1.0
00100 1.0
01100 0.5
01100 0.5
01100 1.0
00000 1.0
0XX00 1.0
01100 1.0
01100 1.0
01000 1.0
01100 1.0
01100 1.0
01100 1.0
01100 1.0
00000 0.5
00000 0.5
01100 1.0
01101 1.0
0X100 1.0
00100 1.0
00100 1.0
01100 1.0
01000 1.0
01X00 1.0
00100 1.0
00100 1.0
01100 1.0
01100 1.0
01100 1.0
01100 1.0
00000 1.0
00100 1.0
00000 1.0
00100 1.0
0X100 1.0
00100 1.0
01100 0.5
01100 0.5
01100 1.0
00100 1.0
01100 1.0
00000 1.0
01100 1.0
01100 1.0
00000 0.125
00000 0.125
00000 0.125
00000 0.125
00000 0.125
00000 0.125
00000 0.125
00000 0.125
01100 1.0
01000 1.0
01100 1.0
01000 1.0
0X100 1.0
01100 1.0
01100 1.0
00100 1.0
00100 1.0
00100 1.0
00000 1.0
01000 1.0
01000 1.0
01100 1.0
01100 1.0
01100 1.0
01100 1.0
01000 1.0
01100 1.0
01100 1.0
01100 1.0
00000 1.0
01100 1.0
01100 1.0
00000 1.0
01100 1.0
01100 1.0
01100 1.0
01100 1.0
00000 1.0
01100 1.0
01100 1.0
0X100 1.0
00100 1.0
01X00 1.0
00100 1.0
01100 1.0
01100 1.0
01100 1.0
00100 1.0
01100 1.0
00000 1.0
01100 1.0
00100 1.0
00100 1.0
00100 1.0
01100 1.0
0XX00 1.0
01X00 1.0
0X100 1.0
01X00 1.0
0XX00 1.0
01100 1.0
00100 1.0
01100 1.0
01000 1.0
00000 1.0
01100 1.0
01100 1.0
0X100 1.0
00000 1.0
01100 1.0
00000 1.0
01100 1.0
01100 1.0
01100 1.0
01101 1.0
01100 1.0
01100 1.0
0110X 1.0
01100 1.0
00100 1.0
00000 1.0
XX00X 1.0
0X100 1.0
01100 1.0
01100 1.0
XX100 1.0
0X000 1.0
01100 1.0
1X100 1.0
0X000 1.0
01100 1.0
0X100 1.0
01100 1.0
01100 1.0
01100 1.0
01100 1.0
0X100 1.0
00X00 1.0
0X100 1.0
11100 1.0
00X00 0.5
00X00 0.5
01100 1.0
0X100 1.0
01X00 1.0
01000 1.0
0XX00 1.0
00000 1.0
00100 1.0
0X100 1.0
01100 1.0
01X00 1.0
01000 1.0
01100 1.0
00100 1.0
01X00 1.0
00100 1.0
00100 1.0
01000 1.0
01100 1.0
01110 1.0
00100 1.0
00100 1.0
01100 1.0
00X01 1.0
01100 1.0
00100 1.0
00100 1.0
00X00 1.0
01100 1.0
1110X 1.0
00000 1.0
01100 1.0
0X101 1.0
11100 1.0
01000 1.0
0X000 1.0
00100 1.0
01100 1.0
01101 1.0
0XX00 1.0
0X100 1.0
01000 1.0
1110X 1.0
0X000 1.0
00X00 1.0
01100 0.25
01100 0.25
01100 0.25
01100 0.25
0X000 1.0
00000 0.5
01000 0.5
0X000 1.0
00100 1.0
0X100 1.0
00100 1.0
01100 1.0
