455
5
01111 1.0
00010 1.0
00010 1.0
00110 0.5
01110 0.5
00010 0.5
00010 0.5
11110 0.25
11110 0.25
11110 0.25
11110 0.25
00010 1.0
10110 1.0
0011X 1.0
00110 1.0
10101 1.0
0X11X 1.0
10110 1.0
01110 1.0
00110 1.0
00110 1.0
001X1 1.0
00110 1.0
00010 1.0
00000 1.0
0011X 1.0
01111 0.5
01111 0.5
00110 1.0
10110 1.0
10100 1.0
00000 1.0
11110 1.0
10110 1.0
00X10 1.0
00010 0.5
00010 0.5
10110 1.0
11110 1.0
11110 1.0
00110 1.0
10110 1.0
00010 1.0
10110 1.0
10110 1.0
00110 1.0
01110 1.0
10010 1.0
10110 1.0
10110 1.0
00110 1.0
11110 1.0
00010 1.0
10100 1.0
01110 1.0
10110 1.0
01110 1.0
00000 1.0
10110 1.0
01111 0.125
01110 0.125
01111 0.125
01110 0.125
01111 0.125
01110 0.125
01110 0.125
01111 0.125
00110 1.0
00010 1.0
10010 1.0
00110 1.0
00000 1.0
00X00 1.0
00010 1.0
10110 1.0
11110 1.0
00110 1.0
01110 1.0
01110 1.0
101X0 1.0
11010 1.0
10010 1.0
01110 1.0
10010 1.0
10010 1.0
0X010 1.0
10000 1.0
XX010 1.0
10100 1.0
10110 1.0
1000X 0.25
1000X 0.25
1000X 0.25
1000X 0.25
10110 0.25
10110 0.25
10110 0.25
10110 0.25
10110 0.5
10110 0.5
00110 1.0
10100 1.0
0X010 1.0
10100 1.0
00010 1.0
00010 1.0
00011 1.0
00010 1.0
1X000 1.0
100X0 1.0
0X0X0 1.0
0X110 1.0
X0110 0.25
X0110 0.25
X0110 0.25
X0110 0.25
01010 1.0
0X010 1.0
00X10 1.0
00100 1.0
10110 1.0
1X000 1.0
00100 1.0
00110 1.0
10010 1.0
00010 1.0
101X0 1.0
00010 1.0
0X000 1.0
11110 1.0
00110 1.0
11010 1.0
0X0X0 1.0
10100 1.0
00010 0.5
00010 0.5
0X0X0 1.0
1X000 1.0
00110 1.0
0X0X0 1.0
0X010 1.0
0X000 1.0
0X010 1.0
00110 1.0
0X010 1.0
0XXX0 1.0
1X010 1.0
10000 1.0
00111 1.0
0X010 1.0
0X010 1.0
00110 1.0
00000 1.0
10010 1.0
10110 1.0
01110 1.0
10X10 1.0
1X011 1.0
X0010 1.0
10110 1.0
00010 1.0
X0000 1.0
00110 1.0
0XXX0 1.0
0X0X0 1.0
00110 1.0
0X110 1.0
1X000 1.0
11110 1.0
1X010 1.0
10100 1.0
0X010 1.0
0X010 1.0
0X000 1.0
11000 1.0
111X0 0.5
111X0 0.5
X0010 1.0
0XXX1 1.0
1X0X0 1.0
1X0X0 1.0
XX000 1.0
01110 1.0
00X10 1.0
11100 1.0
1X010 1.0
00X10 1.0
0X0X0 1.0
10010 1.0
11110 1.0
111X0 1.0
01100 1.0
0X110 1.0
1X000 1.0
0X000 1.0
00000 0.5
00000 0.5
0XX00 0.5
0XX00 0.5
10100 1.0
00100 1.0
01010 1.0
01110 1.0
0X010 1.0
10010 1.0
00000 1.0
00100 1.0
X0XX0 1.0
00110 1.0
11110 1.0
00010 1.0
00110 1.0
10100 1.0
00100 1.0
00010 1.0
101XX 1.0
11110 1.0
1111X 1.0
11111 1.0
00110 1.0
00010 1.0
000X0 1.0
00010 1.0
10010 1.0
10100 1.0
11100 0.25
11100 0.25
11100 0.25
11100 0.25
11110 1.0
11110 1.0
00000 1.0
00010 1.0
10100 1.0
00010 1.0
00010 1.0
10000 1.0
00110 1.0
00010 1.0
11110 0.5
11110 0.5
10010 1.0
10010 1.0
00X10 1.0
10110 1.0
00010 0.5
00010 0.5
10000 1.0
00010 1.0
10110 1.0
000X0 1.0
00000 1.0
00110 1.0
001X0 1.0
00110 1.0
00010 0.5
00010 0.5
00010 1.0
00010 1.0
00010 1.0
00110 1.0
01010 1.0
01X00 1.0
01010 1.0
11110 1.0
00110 1.0
00010 1.0
10110 0.5
10100 0.5
00110 1.0
00010 1.0
11110 1.0
00110 1.0
00110 1.0
01100 1.0
00X00 1.0
01110 1.0
10110 1.0
00010 1.0
00110 1.0
01110 1.0
10110 1.0
00010 1.0
10000 1.0
00010 1.0
01110 1.0
00010 1.0
X0110 1.0
00110 1.0
11110 0.5
10110 0.5
00110 1.0
11100 1.0
00110 1.0
10100 1.0
00X10 1.0
00110 1.0
10000 0.125
10000 0.125
00000 0.125
00000 0.125
10000 0.125
00000 0.125
10000 0.125
00000 0.125
00010 1.0
10000 1.0
01110 1.0
10110 1.0
01110 1.0
01010 1.0
00110 1.0
00010 1.0
10010 1.0
00110 1.0
00110 1.0
10110 1.0
00000 1.0
01110 1.0
10110 1.0
00010 1.0
01100 1.0
10000 1.0
01110 1.0
00010 1.0
00110 1.0
10000 1.0
00110 1.0
00010 1.0
11110 1.0
01111 1.0
X0110 1.0
01110 1.0
01110 1.0
10000 1.0
01X10 1.0
00010 1.0
0X1X0 1.0
10110 1.0
01010 1.0
01110 1.0
00110 1.0
01110 1.0
01110 1.0
00110 1.0
01110 1.0
10000 1.0
01110 1.0
00110 1.0
00110 1.0
11110 1.0
00010 1.0
0X1X0 1.0
01100 1.0
01110 1.0
10000 1.0
10XX0 1.0
01110 1.0
00110 1.0
00110 1.0
01100 1.0
10100 1.0
00010 1.0
00110 1.0
01110 1.0
01100 1.0
10000 1.0
00100 1.0
01110 1.0
10110 1.0
10010 1.0
11110 1.0
00110 1.0
01110 1.0
01110 1.0
11110 1.0
0X110 1.0
01000 1.0
110X0 1.0
10010 1.0
00110 1.0
10010 1.0
00110 1.0
00000 1.0
11110 1.0
10011 1.0
000X0 1.0
11110 1.0
1X0X0 1.0
10010 1.0
00110 1.0
00010 1.0
01110 1.0
00110 1.0
01100 1.0
11110 1.0
0X110 1.0
01100 0.5
01100 0.5
00110 1.0
00110 1.0
X00X0 1.0
00110 1.0
001X1 1.0
00000 1.0
00010 1.0
00010 1.0
00010 1.0
10000 1.0
10100 1.0
00110 1.0
10110 1.0
X0010 1.0
00110 1.0
00010 1.0
00010 1.0
00110 1.0
00010 1.0
10110 1.0
10110 1.0
10110 1.0
00010 1.0
X00X0 1.0
00110 1.0
00110 1.0
001X0 1.0
10110 1.0
X0011 1.0
00000 1.0
01100 1.0
001X1 1.0
01111 1.0
10010 1.0
00100 1.0
01110 1.0
X01X1 1.0
00110 1.0
00000 1.0
X0X10 1.0
00000 1.0
01111 1.0
000X0 1.0
X0000 1.0
00010 0.25
00110 0.25
00010 0.25
00110 0.25
000X0 1.0
00000 0.5
00000 0.5
00100 1.0
00010 1.0
0X100 1.0
00110 1.0
11110 1.0
