455
5
X1111 1.0
011X1 1.0
11101 1.0
X1XX1 0.5
X1XX1 0.5
111X1 0.5
111X1 0.5
01101 0.25
01101 0.25
01101 0.25
01101 0.25
111X1 1.0
11101 1.0
1X111 1.0
X1X11 1.0
11111 1.0
11111 1.0
1X101 1.0
11XX1 1.0
11111 1.0
X1X11 1.0
X1111 1.0
10101 1.0
11111 1.0
10101 1.0
11111 1.0
11111 0.5
11111 0.5
11111 1.0
11111 1.0
101X1 1.0
00000 1.0
11101 1.0
10101 1.0
11101 1.0
1X111 0.5
1X111 0.5
11101 1.0
11101 1.0
11111 1.0
11111 1.0
11101 1.0
11101 1.0
11101 1.0
11101 1.0
01111 1.0
111X1 1.0
11101 1.0
11101 1.0
111X1 1.0
11101 1.0
11101 1.0
111X1 1.0
10100 1.0
11111 1.0
10111 1.0
11111 1.0
111X1 1.0
11101 1.0
11111 0.125
11111 0.125
11111 0.125
11111 0.125
11111 0.125
11111 0.125
11111 0.125
11111 0.125
11101 1.0
11101 1.0
10111 1.0
10101 1.0
11101 1.0
1010X 1.0
11111 1.0
111X1 1.0
11111 1.0
10101 1.0
11101 1.0
11111 1.0
1X101 1.0
11101 1.0
11101 1.0
11101 1.0
10101 1.0
111X1 1.0
11111 1.0
11101 1.0
111X1 1.0
111X1 1.0
111X1 1.0
11111 0.25
11111 0.25
11111 0.25
11111 0.25
111X1 0.25
111X0 0.25
110X1 0.25
110X0 0.25
11111 0.5
11111 0.5
10111 1.0
111X1 1.0
11101 1.0
1X111 1.0
111X1 1.0
11101 1.0
11111 1.0
11111 1.0
1X111 1.0
1X111 1.0
1X111 1.0
11111 1.0
11101 0.25
11101 0.25
11101 0.25
11101 0.25
11101 1.0
11111 1.0
11111 1.0
11101 1.0
11101 1.0
11101 1.0
1X111 1.0
11111 1.0
11101 1.0
111X1 1.0
1X101 1.0
11101 1.0
1X111 1.0
01111 1.0
01101 1.0
11111 1.0
1X111 1.0
10101 1.0
110X1 0.5
111X1 0.5
11111 1.0
10111 1.0
11101 1.0
11011 1.0
11111 1.0
11111 1.0
1X111 1.0
11101 1.0
11111 1.0
11101 1.0
11111 1.0
101X1 1.0
11111 1.0
11101 1.0
11101 1.0
111X1 1.0
11111 1.0
11101 1.0
11101 1.0
11111 1.0
11111 1.0
11111 1.0
11111 1.0
11111 1.0
10101 1.0
1X101 1.0
10111 1.0
11101 1.0
10111 1.0
1X101 1.0
11111 1.0
10111 1.0
11101 1.0
111X1 1.0
10101 1.0
11111 1.0
11111 1.0
1X111 1.0
10101 1.0
11110 0.5
11111 0.5
11X11 1.0
11111 1.0
11111 1.0
11111 1.0
10X01 1.0
11111 1.0
111X1 1.0
00100 1.0
111X1 1.0
11111 1.0
11111 1.0
11111 1.0
01001 1.0
11111 1.0
11101 1.0
111X1 1.0
1X111 1.0
10101 1.0
10100 0.5
10100 0.5
11111 0.5
11101 0.5
101X1 1.0
X0X01 1.0
111X1 1.0
11111 1.0
11111 1.0
1X1X1 1.0
X0X01 1.0
10100 1.0
10111 1.0
11101 1.0
11111 1.0
10101 1.0
111X1 1.0
10101 1.0
00011 1.0
11101 1.0
11111 1.0
11101 1.0
11111 1.0
11111 1.0
11101 1.0
11101 1.0
111X1 1.0
10101 1.0
10111 1.0
10101 1.0
11101 0.25
11101 0.25
11111 0.25
11111 0.25
11101 1.0
111X1 1.0
10101 1.0
11101 1.0
10101 1.0
11101 1.0
11101 1.0
10111 1.0
1110X 1.0
11101 1.0
11111 0.5
11111 0.5
11111 1.0
111X1 1.0
111X1 1.0
11111 1.0
11001 0.5
11101 0.5
10101 1.0
11101 1.0
11101 1.0
1X101 1.0
11101 1.0
11101 1.0
111X1 1.0
11101 1.0
11111 0.5
11111 0.5
11101 1.0
10101 1.0
1XX11 1.0
11101 1.0
11111 1.0
10100 1.0
11101 1.0
11101 1.0
111X1 1.0
11101 1.0
10011 0.5
10011 0.5
11111 1.0
11101 1.0
111X1 1.0
11101 1.0
11111 1.0
11111 1.0
10111 1.0
1X101 1.0
11111 1.0
11101 1.0
11101 1.0
111X1 1.0
11111 1.0
111X1 1.0
10111 1.0
11101 1.0
10101 1.0
X1101 1.0
X1111 1.0
11111 1.0
11111 0.5
11111 0.5
11101 1.0
11111 1.0
11101 1.0
10101 1.0
111X1 1.0
11101 1.0
00100 0.125
00000 0.125
00100 0.125
00000 0.125
10000 0.125
10100 0.125
10100 0.125
10000 0.125
11101 1.0
10100 1.0
11111 1.0
10101 1.0
11101 1.0
11111 1.0
11101 1.0
11101 1.0
11111 1.0
11101 1.0
10111 1.0
X01X1 1.0
10001 1.0
X10X1 1.0
11111 1.0
11101 1.0
11111 1.0
10101 1.0
11101 1.0
11101 1.0
11101 1.0
10100 1.0
11111 1.0
111X1 1.0
10101 1.0
11111 1.0
11111 1.0
11111 1.0
11111 1.0
101X1 1.0
11101 1.0
11101 1.0
11111 1.0
111X1 1.0
1X101 1.0
11111 1.0
11101 1.0
11111 1.0
11101 1.0
11101 1.0
X1111 1.0
001X1 1.0
11111 1.0
11101 1.0
11101 1.0
11111 1.0
11101 1.0
1X111 1.0
1X111 1.0
11101 1.0
1X1X1 1.0
1X111 1.0
11111 1.0
11101 1.0
11111 1.0
10111 1.0
10101 1.0
01001 1.0
11111 1.0
111X1 1.0
10100 1.0
11101 1.0
10100 1.0
11111 1.0
111X1 1.0
11101 1.0
11111 1.0
11111 1.0
111X1 1.0
11111 1.0
11111 1.0
11111 1.0
00000 1.0
10111 1.0
11111 1.0
11101 1.0
11101 1.0
11111 1.0
10101 1.0
111X1 1.0
11111 1.0
10101 1.0
111X1 1.0
111X1 1.0
11101 1.0
11111 1.0
11111 1.0
11111 1.0
111X1 1.0
1X101 1.0
11101 1.0
11111 1.0
1X100 0.5
1X101 0.5
11101 1.0
11111 1.0
1X1X1 1.0
10111 1.0
XXX11 1.0
10101 1.0
11101 1.0
11101 1.0
11101 1.0
1X101 1.0
10101 1.0
11101 1.0
11111 1.0
1X1X1 1.0
11111 1.0
11101 1.0
10101 1.0
11111 1.0
11101 1.0
111X1 1.0
11101 1.0
11001 1.0
1X101 1.0
11101 1.0
11101 1.0
11101 1.0
1X1X1 1.0
111X1 1.0
11111 1.0
10XX1 1.0
11111 1.0
11111 1.0
11111 1.0
10011 1.0
10101 1.0
11111 1.0
11111 1.0
11111 1.0
0X100 1.0
11111 1.0
X010X 1.0
11111 1.0
00101 1.0
1X101 1.0
X1101 0.25
X1101 0.25
X1101 0.25
X1101 0.25
X0101 1.0
00000 0.5
00000 0.5
10101 1.0
11101 1.0
11101 1.0
11101 1.0
11111 1.0
