455
5
X0110 1.0
00X10 1.0
10010 1.0
X0010 0.5
X0010 0.5
10000 0.5
10100 0.5
00010 0.25
00010 0.25
00010 0.25
00010 0.25
10XX0 1.0
10000 1.0
1X10X 1.0
X0110 1.0
10X1X 1.0
10110 1.0
10000 1.0
100X0 1.0
10110 1.0
X0110 1.0
X0110 1.0
10010 1.0
10010 1.0
10010 1.0
1X01X 1.0
1X110 0.5
1X010 0.5
100X0 1.0
10X10 1.0
10X10 1.0
00000 1.0
10000 1.0
10000 1.0
10010 1.0
10010 0.5
10010 0.5
10000 1.0
10000 1.0
10010 1.0
10110 1.0
10000 1.0
10010 1.0
10000 1.0
10000 1.0
000X0 1.0
10110 1.0
100X0 1.0
10000 1.0
10XX0 1.0
10010 1.0
10X1X 1.0
100X0 1.0
10010 1.0
10010 1.0
10000 1.0
10010 1.0
100X0 1.0
10010 1.0
11110 0.125
11110 0.125
10110 0.125
10110 0.125
10010 0.125
11010 0.125
10010 0.125
11010 0.125
10010 1.0
10010 1.0
100X0 1.0
10010 1.0
10010 1.0
10010 1.0
10X10 1.0
100X0 1.0
10100 1.0
10010 1.0
10010 1.0
10110 1.0
10XX1 1.0
10010 1.0
10000 1.0
10010 1.0
10000 1.0
1XX10 1.0
1X110 1.0
10010 1.0
10010 1.0
1XX0X 1.0
10100 1.0
1X01X 0.25
1X01X 0.25
1X01X 0.25
1X01X 0.25
10010 0.25
10010 0.25
10010 0.25
10010 0.25
10010 0.5
10010 0.5
101X0 1.0
1X010 1.0
10010 1.0
1X010 1.0
10010 1.0
1X010 1.0
10110 1.0
10X10 1.0
10010 1.0
10X00 1.0
10010 1.0
10X10 1.0
10000 0.25
10000 0.25
10000 0.25
10000 0.25
10010 1.0
1X000 1.0
10X10 1.0
10010 1.0
10110 1.0
10010 1.0
1X010 1.0
10010 1.0
100X0 1.0
10110 1.0
10000 1.0
10010 1.0
10000 1.0
000X1 1.0
00010 1.0
10010 1.0
10110 1.0
10000 1.0
10010 0.5
10010 0.5
10010 1.0
10010 1.0
10010 1.0
10000 1.0
10010 1.0
10010 1.0
1X010 1.0
10010 1.0
10110 1.0
10000 1.0
10010 1.0
10010 1.0
10110 1.0
10110 1.0
10000 1.0
10010 1.0
10010 1.0
10100 1.0
10000 1.0
101X0 1.0
10110 1.0
10010 1.0
10010 1.0
10010 1.0
10X10 1.0
10010 1.0
10010 1.0
10010 1.0
10010 1.0
10010 1.0
10010 1.0
10010 1.0
10000 1.0
10X10 1.0
10X00 1.0
10010 1.0
10110 1.0
10010 1.0
1000X 1.0
10110 0.5
10110 0.5
100X0 1.0
10110 1.0
10110 1.0
10010 1.0
10010 1.0
10010 1.0
10XX0 1.0
00000 1.0
100X0 1.0
10000 1.0
10010 1.0
10110 1.0
00X10 1.0
10110 1.0
10010 1.0
10X10 1.0
10110 1.0
10010 1.0
100X0 0.5
100X0 0.5
10010 0.5
10010 0.5
10010 1.0
X0000 1.0
100X0 1.0
10010 1.0
10010 1.0
100X0 1.0
X0000 1.0
10000 1.0
10110 1.0
10010 1.0
10010 1.0
10010 1.0
100X0 1.0
10000 1.0
00010 1.0
10000 1.0
10110 1.0
10000 1.0
10010 1.0
10010 1.0
10010 1.0
10010 1.0
10010 1.0
100X0 1.0
10010 1.0
10000 1.0
10000 0.25
10010 0.25
10000 0.25
10010 0.25
10010 1.0
100X0 1.0
10010 1.0
10010 1.0
10010 1.0
10010 1.0
10010 1.0
10110 1.0
10010 1.0
10010 1.0
10110 0.5
10110 0.5
10010 1.0
10010 1.0
10X10 1.0
10010 1.0
10010 0.5
10010 0.5
10000 1.0
10000 1.0
10000 1.0
10010 1.0
10000 1.0
10010 1.0
100X0 1.0
10010 1.0
10010 0.5
10010 0.5
10010 1.0
10010 1.0
100X0 1.0
10010 1.0
10010 1.0
10010 1.0
10010 1.0
10000 1.0
100X0 1.0
10010 1.0
10010 0.5
10010 0.5
10010 1.0
10011 1.0
100X0 1.0
10010 1.0
10110 1.0
10010 1.0
10010 1.0
10110 1.0
10X10 1.0
10010 1.0
10010 1.0
10010 1.0
10000 1.0
10XX0 1.0
10000 1.0
10010 1.0
10010 1.0
X0000 1.0
X0110 1.0
10010 1.0
10010 0.5
10010 0.5
10010 1.0
10010 1.0
10010 1.0
10010 1.0
10010 1.0
10010 1.0
00010 0.125
00010 0.125
00010 0.125
00010 0.125
10010 0.125
10010 0.125
10010 0.125
10010 0.125
10010 1.0
10000 1.0
10010 1.0
10010 1.0
10010 1.0
10010 1.0
10010 1.0
10010 1.0
10010 1.0
10010 1.0
10010 1.0
X0XX0 1.0
10010 1.0
X0X10 1.0
10010 1.0
10010 1.0
10010 1.0
10000 1.0
10000 1.0
10010 1.0
10010 1.0
10000 1.0
10110 1.0
100X0 1.0
10000 1.0
10110 1.0
10010 1.0
10010 1.0
10010 1.0
100X0 1.0
10010 1.0
10000 1.0
10010 1.0
10XX0 1.0
10000 1.0
10010 1.0
10010 1.0
10010 1.0
10010 1.0
10000 1.0
X0110 1.0
00XX0 1.0
10010 1.0
10010 1.0
10010 1.0
10010 1.0
10010 1.0
10110 1.0
10010 1.0
10010 1.0
10010 1.0
10010 1.0
10010 1.0
10010 1.0
10110 1.0
10110 1.0
10010 1.0
00000 1.0
10010 1.0
10X10 1.0
10010 1.0
10000 1.0
10010 1.0
10010 1.0
10XX0 1.0
10010 1.0
10111 1.0
10110 1.0
101X0 1.0
10X1X 1.0
10110 1.0
10010 1.0
000X0 1.0
10X1X 1.0
10X10 1.0
100X0 1.0
10000 1.0
10X10 1.0
10010 1.0
100X0 1.0
10110 1.0
10010 1.0
10010 1.0
10110 1.0
10010 1.0
10010 1.0
10010 1.0
10010 1.0
10XX0 1.0
100X0 1.0
100X0 1.0
10X10 1.0
100X0 0.5
100X0 0.5
10010 1.0
10010 1.0
100X0 1.0
10110 1.0
X0110 1.0
10000 1.0
10010 1.0
10010 1.0
10010 1.0
10000 1.0
10000 1.0
10010 1.0
10010 1.0
10110 1.0
10010 1.0
10010 1.0
10010 1.0
10XX0 1.0
11010 1.0
10010 1.0
100X0 1.0
10000 1.0
10011 1.0
10010 1.0
10010 1.0
10010 1.0
10010 1.0
10110 1.0
1010X 1.0
100X0 1.0
10110 1.0
10X11 1.0
10110 1.0
10010 1.0
10000 1.0
10010 1.0
10110 1.0
10011 1.0
000X0 1.0
10010 1.0
X0010 1.0
1011X 1.0
000X0 1.0
10XX0 1.0
X0010 0.25
X0010 0.25
X0010 0.25
X0010 0.25
X00X0 1.0
00000 0.5
00000 0.5
10010 1.0
10010 1.0
10010 1.0
10010 1.0
10010 1.0
