455
5
11011 1.0
10000 1.0
10000 1.0
10000 0.5
11000 0.5
10000 0.5
10000 0.5
11100 0.25
11100 0.25
11100 0.25
11100 0.25
10000 1.0
10100 1.0
100XX 1.0
10000 1.0
10110 1.0
1X0X0 1.0
10100 1.0
11000 1.0
10000 1.0
10000 1.0
1001X 1.0
10000 1.0
10000 1.0
10000 1.0
100XX 1.0
11011 0.5
11011 0.5
10000 1.0
10100 1.0
10100 1.0
00000 1.0
11100 1.0
10100 1.0
10000 1.0
10000 0.5
10000 0.5
10100 1.0
11100 1.0
11100 1.0
10000 1.0
10100 1.0
10000 1.0
10100 1.0
10100 1.0
10000 1.0
11000 1.0
10100 1.0
10100 1.0
10100 1.0
10000 1.0
1110X 1.0
10000 1.0
00100 1.0
1100X 1.0
10100 1.0
11000 1.0
10000 1.0
10100 1.0
11010 0.125
11000 0.125
11010 0.125
11000 0.125
11010 0.125
11000 0.125
11000 0.125
11010 0.125
10000 1.0
10000 1.0
10100 1.0
10000 1.0
10000 1.0
X0000 1.0
10000 1.0
10100 1.0
11100 1.0
10000 1.0
11000 1.0
11000 1.0
10100 1.0
11100 1.0
10100 1.0
11000 1.0
10100 1.0
10100 1.0
1X000 1.0
10100 1.0
1XX00 1.0
10100 1.0
10100 1.0
101XX 0.25
101XX 0.25
101XX 0.25
101XX 0.25
10100 0.25
00100 0.25
10100 0.25
00100 0.25
10100 0.5
10100 0.5
10000 1.0
10100 1.0
1X000 1.0
10100 1.0
10000 1.0
10000 1.0
10010 1.0
10000 1.0
1X100 1.0
10100 1.0
1X000 1.0
1X000 1.0
10X00 0.25
10X00 0.25
10X00 0.25
10X00 0.25
11000 1.0
1X000 1.0
10000 1.0
10000 1.0
10100 1.0
1X100 1.0
10000 1.0
10000 1.0
10100 1.0
10000 1.0
10100 1.0
10000 1.0
1X000 1.0
11100 1.0
10000 1.0
11100 1.0
1X000 1.0
10100 1.0
10000 0.5
10000 0.5
1X000 1.0
1X100 1.0
10000 1.0
1X000 1.0
1X000 1.0
1X000 1.0
1X000 1.0
10000 1.0
1X000 1.0
1X000 1.0
1X100 1.0
10100 1.0
10010 1.0
1X000 1.0
1X000 1.0
10000 1.0
10000 1.0
10100 1.0
10100 1.0
11000 1.0
10100 1.0
1X110 1.0
10X00 1.0
10100 1.0
10000 1.0
10X00 1.0
10000 1.0
1X000 1.0
1X000 1.0
10000 1.0
1X000 1.0
1X100 1.0
11100 1.0
1X100 1.0
10100 1.0
1X000 1.0
1X000 1.0
1X000 1.0
11100 1.0
01100 0.5
11100 0.5
10X00 1.0
1X01X 1.0
1X100 1.0
1X100 1.0
1XX00 1.0
11000 1.0
10000 1.0
01100 1.0
1X100 1.0
10000 1.0
1X000 1.0
10100 1.0
11100 1.0
11100 1.0
11000 1.0
1X000 1.0
1X100 1.0
1X000 1.0
00000 0.5
00000 0.5
1X000 0.5
1X000 0.5
10100 1.0
10000 1.0
11000 1.0
11000 1.0
1X000 1.0
10100 1.0
10000 1.0
00000 1.0
10X00 1.0
10000 1.0
11100 1.0
10000 1.0
10000 1.0
10100 1.0
10000 1.0
10000 1.0
101XX 1.0
11100 1.0
111XX 1.0
11111 1.0
10000 1.0
10000 1.0
10000 1.0
10000 1.0
10100 1.0
10100 1.0
11100 0.25
11100 0.25
11100 0.25
11100 0.25
11100 1.0
11100 1.0
10000 1.0
10000 1.0
10100 1.0
10000 1.0
10000 1.0
10100 1.0
X0000 1.0
10000 1.0
11100 0.5
11100 0.5
10100 1.0
10100 1.0
10000 1.0
10100 1.0
10000 0.5
10000 0.5
10100 1.0
10000 1.0
10100 1.0
10000 1.0
10000 1.0
10000 1.0
10000 1.0
10000 1.0
10000 0.5
10000 0.5
10000 1.0
10000 1.0
10000 1.0
10000 1.0
11000 1.0
01000 1.0
11000 1.0
11100 1.0
10000 1.0
10000 1.0
10100 0.5
10100 0.5
10000 1.0
10000 1.0
11100 1.0
10000 1.0
10000 1.0
11000 1.0
10000 1.0
11000 1.0
10100 1.0
10000 1.0
10000 1.0
11000 1.0
10100 1.0
10000 1.0
10100 1.0
10000 1.0
11000 1.0
10000 1.0
10X00 1.0
10000 1.0
11100 0.5
10100 0.5
10000 1.0
11100 1.0
10000 1.0
10100 1.0
10000 1.0
10000 1.0
00100 0.125
00100 0.125
00000 0.125
00000 0.125
00100 0.125
00000 0.125
00100 0.125
00000 0.125
10000 1.0
00100 1.0
11000 1.0
10100 1.0
11000 1.0
11000 1.0
10000 1.0
10000 1.0
10100 1.0
10000 1.0
10000 1.0
10100 1.0
10000 1.0
11000 1.0
10100 1.0
10000 1.0
11000 1.0
10100 1.0
11000 1.0
10000 1.0
10000 1.0
00100 1.0
10000 1.0
10000 1.0
11100 1.0
11010 1.0
10X00 1.0
11000 1.0
11000 1.0
10100 1.0
11000 1.0
10000 1.0
1X000 1.0
10100 1.0
11000 1.0
11000 1.0
10000 1.0
11000 1.0
11000 1.0
10000 1.0
11000 1.0
10100 1.0
11000 1.0
10000 1.0
10000 1.0
11100 1.0
10000 1.0
1X000 1.0
11000 1.0
11000 1.0
10100 1.0
10100 1.0
11000 1.0
10000 1.0
10000 1.0
11000 1.0
10100 1.0
10000 1.0
10000 1.0
11000 1.0
01000 1.0
10100 1.0
00000 1.0
11000 1.0
10100 1.0
10100 1.0
11100 1.0
10000 1.0
11000 1.0
11000 1.0
11100 1.0
1X000 1.0
01000 1.0
1110X 1.0
10100 1.0
10000 1.0
10100 1.0
1000X 1.0
10000 1.0
11100 1.0
10111 1.0
10000 1.0
11100 1.0
1X100 1.0
10100 1.0
10000 1.0
10000 1.0
11000 1.0
10000 1.0
11000 1.0
11100 1.0
1X001 1.0
01000 0.5
11000 0.5
10000 1.0
10000 1.0
10X00 1.0
10000 1.0
10010 1.0
10000 1.0
10000 1.0
10000 1.0
10000 1.0
10100 1.0
10100 1.0
10000 1.0
10100 1.0
10X00 1.0
10000 1.0
10000 1.0
10000 1.0
10000 1.0
10000 1.0
10100 1.0
10100 1.0
10100 1.0
10000 1.0
10X00 1.0
10000 1.0
10000 1.0
10000 1.0
10100 1.0
10X11 1.0
10000 1.0
11000 1.0
10010 1.0
11011 1.0
10100 1.0
10000 1.0
11000 1.0
10X10 1.0
10000 1.0
00000 1.0
10X00 1.0
X0000 1.0
11011 1.0
10000 1.0
10X00 1.0
10000 0.25
10000 0.25
10000 0.25
10000 0.25
10000 1.0
00000 0.5
00000 0.5
10000 1.0
10000 1.0
1X000 1.0
10000 1.0
11100 1.0
