455
5
11X01 1.0
01001 1.0
01101 1.0
11X01 0.5
11X01 0.5
01101 0.5
01101 0.5
11011 0.25
11011 0.25
11011 0.25
11011 0.25
01101 1.0
11111 1.0
11101 1.0
11X01 1.0
11110 1.0
11101 1.0
11111 1.0
11101 1.0
11101 1.0
11X01 1.0
11X0X 1.0
11101 1.0
01101 1.0
01100 1.0
11101 1.0
11101 0.5
11101 0.5
11101 1.0
11111 1.0
11110 1.0
00000 1.0
11111 1.0
11111 1.0
X1101 1.0
01101 0.5
01101 0.5
11111 1.0
11111 1.0
11111 1.0
11101 1.0
11111 1.0
01101 1.0
11111 1.0
11111 1.0
11001 1.0
11101 1.0
01111 1.0
11111 1.0
11111 1.0
11101 1.0
11111 1.0
01101 1.0
10110 1.0
11101 1.0
11111 1.0
11101 1.0
01100 1.0
11111 1.0
11101 0.125
11101 0.125
11101 0.125
11101 0.125
11101 0.125
11101 0.125
11101 0.125
11101 0.125
11101 1.0
01101 1.0
01111 1.0
11101 1.0
01100 1.0
XX100 1.0
01101 1.0
11111 1.0
11111 1.0
11101 1.0
11101 1.0
11101 1.0
1111X 1.0
01111 1.0
01111 1.0
11101 1.0
01111 1.0
01111 1.0
01101 1.0
01110 1.0
011X1 1.0
11110 1.0
11111 1.0
01110 0.25
01110 0.25
01110 0.25
01110 0.25
11111 0.25
10111 0.25
11111 0.25
10111 0.25
11111 0.5
11111 0.5
11101 1.0
11110 1.0
01101 1.0
11110 1.0
01101 1.0
01101 1.0
01101 1.0
01101 1.0
01110 1.0
0111X 1.0
0110X 1.0
11101 1.0
111X1 0.25
111X1 0.25
111X1 0.25
111X1 0.25
01101 1.0
01101 1.0
X1101 1.0
11100 1.0
11111 1.0
01110 1.0
11100 1.0
11101 1.0
01111 1.0
01101 1.0
1111X 1.0
01101 1.0
01100 1.0
11011 1.0
11001 1.0
01111 1.0
0110X 1.0
11110 1.0
01101 0.5
01101 0.5
0110X 1.0
01110 1.0
11101 1.0
0110X 1.0
01101 1.0
01100 1.0
01101 1.0
11101 1.0
01101 1.0
X110X 1.0
01111 1.0
01110 1.0
11101 1.0
01101 1.0
01101 1.0
11101 1.0
01100 1.0
01111 1.0
11111 1.0
11101 1.0
X1111 1.0
01111 1.0
011X1 1.0
11111 1.0
01101 1.0
011X0 1.0
11101 1.0
X110X 1.0
0110X 1.0
11101 1.0
11101 1.0
01110 1.0
11111 1.0
01111 1.0
11110 1.0
01101 1.0
01101 1.0
01100 1.0
01110 1.0
1011X 0.5
1111X 0.5
011X1 1.0
X110X 1.0
0111X 1.0
0111X 1.0
011X0 1.0
11101 1.0
X1101 1.0
10010 1.0
01111 1.0
X1101 1.0
0110X 1.0
01111 1.0
11011 1.0
1111X 1.0
11100 1.0
11101 1.0
01110 1.0
01100 1.0
00100 0.5
00100 0.5
X1100 0.5
X1100 0.5
11110 1.0
11X00 1.0
01101 1.0
11101 1.0
01101 1.0
01111 1.0
01X00 1.0
10100 1.0
X11XX 1.0
11101 1.0
11111 1.0
01101 1.0
11101 1.0
11110 1.0
11000 1.0
01101 1.0
1111X 1.0
11111 1.0
11111 1.0
11111 1.0
11101 1.0
01101 1.0
0110X 1.0
01101 1.0
01111 1.0
11110 1.0
11110 0.25
11110 0.25
11110 0.25
11110 0.25
11111 1.0
11111 1.0
01100 1.0
01101 1.0
11110 1.0
01101 1.0
01101 1.0
01110 1.0
1X101 1.0
01101 1.0
11111 0.5
11111 0.5
01111 1.0
01111 1.0
X1101 1.0
11111 1.0
01101 0.5
01101 0.5
01110 1.0
01101 1.0
11111 1.0
0110X 1.0
01100 1.0
11101 1.0
1110X 1.0
11101 1.0
01101 0.5
01101 0.5
01101 1.0
01101 1.0
01101 1.0
11101 1.0
01101 1.0
X0100 1.0
01101 1.0
11111 1.0
11101 1.0
01101 1.0
11111 0.5
11110 0.5
11101 1.0
01101 1.0
11111 1.0
11101 1.0
11101 1.0
11100 1.0
X1100 1.0
11101 1.0
11111 1.0
01101 1.0
11101 1.0
11101 1.0
11111 1.0
01101 1.0
01110 1.0
01101 1.0
11101 1.0
01X01 1.0
11XX1 1.0
11101 1.0
11111 0.5
11111 0.5
11101 1.0
11110 1.0
11101 1.0
11110 1.0
X1101 1.0
11101 1.0
00010 0.125
00010 0.125
00000 0.125
00000 0.125
00110 0.125
00100 0.125
00110 0.125
00100 0.125
01101 1.0
00110 1.0
11101 1.0
11111 1.0
11101 1.0
01101 1.0
11101 1.0
01101 1.0
01111 1.0
11101 1.0
11101 1.0
11X11 1.0
01100 1.0
11X01 1.0
11111 1.0
01101 1.0
11100 1.0
01110 1.0
11101 1.0
01101 1.0
11101 1.0
00110 1.0
11101 1.0
01101 1.0
11111 1.0
11101 1.0
111X1 1.0
11101 1.0
11101 1.0
01110 1.0
X1101 1.0
01101 1.0
1110X 1.0
11111 1.0
01101 1.0
11101 1.0
11101 1.0
11101 1.0
11101 1.0
11101 1.0
11X01 1.0
01010 1.0
11101 1.0
11101 1.0
11101 1.0
11111 1.0
01101 1.0
1110X 1.0
11100 1.0
11101 1.0
01110 1.0
X111X 1.0
11101 1.0
11101 1.0
11101 1.0
11100 1.0
11110 1.0
01001 1.0
11101 1.0
11101 1.0
10100 1.0
01110 1.0
10100 1.0
11101 1.0
11111 1.0
01111 1.0
11111 1.0
11101 1.0
11101 1.0
11101 1.0
11111 1.0
11101 1.0
00000 1.0
0111X 1.0
01111 1.0
11101 1.0
01111 1.0
11101 1.0
01100 1.0
11111 1.0
01111 1.0
0110X 1.0
11111 1.0
0111X 1.0
01111 1.0
11101 1.0
01101 1.0
11101 1.0
11101 1.0
11100 1.0
11111 1.0
11101 1.0
10100 0.5
11100 0.5
11101 1.0
11101 1.0
011XX 1.0
11101 1.0
11X0X 1.0
01100 1.0
01101 1.0
01101 1.0
01101 1.0
01110 1.0
11110 1.0
11101 1.0
11111 1.0
011X1 1.0
11101 1.0
01101 1.0
01101 1.0
11101 1.0
01101 1.0
11111 1.0
11111 1.0
11111 1.0
01101 1.0
011XX 1.0
11101 1.0
11101 1.0
1110X 1.0
11111 1.0
011X1 1.0
01100 1.0
11100 1.0
1110X 1.0
11101 1.0
01111 1.0
11100 1.0
11101 1.0
111XX 1.0
11101 1.0
00000 1.0
X11X1 1.0
0XX00 1.0
11101 1.0
0100X 1.0
011X0 1.0
01X01 0.25
11X01 0.25
01X01 0.25
11X01 0.25
01X0X 1.0
00000 0.5
00000 0.5
11100 1.0
01101 1.0
11100 1.0
11101 1.0
11111 1.0
