455
5
01111 1.0
00X10 1.0
00110 1.0
00011 0.5
00011 0.5
00X11 0.5
00X11 0.5
00110 0.25
00111 0.25
00110 0.25
00111 0.25
00X1X 1.0
00111 1.0
XX111 1.0
00011 1.0
00111 1.0
00X1X 1.0
00111 1.0
00111 1.0
00111 1.0
00011 1.0
0X111 1.0
00011 1.0
00111 1.0
00010 1.0
XX011 1.0
X111X 0.5
X111X 0.5
00111 1.0
00111 1.0
00111 1.0
00000 1.0
00110 1.0
00011 1.0
00111 1.0
00111 0.5
00111 0.5
00111 1.0
00110 1.0
00110 1.0
00111 1.0
00111 1.0
00011 1.0
00110 1.0
00111 1.0
00011 1.0
00111 1.0
00010 1.0
00111 1.0
00111 1.0
00111 1.0
0X110 1.0
00111 1.0
00101 1.0
0X111 1.0
00111 1.0
00111 1.0
0001X 1.0
00110 1.0
10X11 0.125
10X11 0.125
00X11 0.125
00X11 0.125
00X11 0.125
10X11 0.125
00X11 0.125
10X11 0.125
00111 1.0
00110 1.0
00011 1.0
00111 1.0
00111 1.0
000X1 1.0
00111 1.0
0011X 1.0
00111 1.0
00111 1.0
00011 1.0
00111 1.0
00110 1.0
00111 1.0
00111 1.0
00011 1.0
00010 1.0
X0111 1.0
X011X 1.0
00111 1.0
0011X 1.0
X0110 1.0
00110 1.0
XX110 0.25
XX111 0.25
XX110 0.25
XX111 0.25
00X11 0.25
00X01 0.25
00X11 0.25
00X01 0.25
00110 0.5
00110 0.5
00011 1.0
X0111 1.0
0011X 1.0
X0111 1.0
00011 1.0
X0X11 1.0
0011X 1.0
0011X 1.0
0011X 1.0
00111 1.0
0011X 1.0
0011X 1.0
00111 0.25
00110 0.25
00110 0.25
00111 0.25
00111 1.0
X011X 1.0
00110 1.0
00111 1.0
00111 1.0
00111 1.0
X0111 1.0
00111 1.0
00110 1.0
00110 1.0
00111 1.0
00110 1.0
0011X 1.0
00111 1.0
00111 1.0
00111 1.0
00110 1.0
00110 1.0
00110 0.5
00110 0.5
00110 1.0
00110 1.0
00111 1.0
00110 1.0
0011X 1.0
00111 1.0
X0111 1.0
00111 1.0
0011X 1.0
00110 1.0
00111 1.0
00110 1.0
00111 1.0
0011X 1.0
00110 1.0
0011X 1.0
00111 1.0
00111 1.0
00010 1.0
00111 1.0
00111 1.0
00111 1.0
00111 1.0
0011X 1.0
00111 1.0
0011X 1.0
00111 1.0
0011X 1.0
00111 1.0
0011X 1.0
0011X 1.0
0011X 1.0
00111 1.0
0011X 1.0
00110 1.0
00110 1.0
00111 1.0
0011X 1.0
00X11 1.0
00101 0.5
00111 0.5
0011X 1.0
0X111 1.0
0011X 1.0
00111 1.0
00111 1.0
00111 1.0
00111 1.0
00101 1.0
00111 1.0
0011X 1.0
00111 1.0
00011 1.0
00X11 1.0
00110 1.0
00110 1.0
00111 1.0
00110 1.0
00110 1.0
00000 0.5
00000 0.5
00110 0.5
00110 0.5
00111 1.0
00110 1.0
00010 1.0
00111 1.0
00111 1.0
00011 1.0
00010 1.0
00000 1.0
00111 1.0
00110 1.0
00111 1.0
00011 1.0
00X11 1.0
0011X 1.0
00111 1.0
00011 1.0
0X111 1.0
00111 1.0
0X11X 1.0
01011 1.0
00111 1.0
00010 1.0
00011 1.0
00011 1.0
00011 1.0
00110 1.0
00111 0.25
00111 0.25
00111 0.25
00111 0.25
00111 1.0
00111 1.0
00010 1.0
00011 1.0
00110 1.0
00010 1.0
00011 1.0
0011X 1.0
001X1 1.0
00011 1.0
00111 0.5
00111 0.5
00111 1.0
00111 1.0
00111 1.0
00111 1.0
00010 0.5
00010 0.5
00011 1.0
00010 1.0
00011 1.0
00011 1.0
00110 1.0
00111 1.0
00111 1.0
00011 1.0
00010 0.5
00010 0.5
00111 1.0
00011 1.0
00011 1.0
00010 1.0
00111 1.0
00001 1.0
00011 1.0
00111 1.0
00X1X 1.0
00011 1.0
00110 0.5
00110 0.5
00111 1.0
00011 1.0
00111 1.0
00011 1.0
00111 1.0
00111 1.0
00111 1.0
00011 1.0
00111 1.0
00010 1.0
00111 1.0
00011 1.0
00111 1.0
00X11 1.0
00010 1.0
00010 1.0
00111 1.0
00010 1.0
00011 1.0
00111 1.0
00111 0.5
00111 0.5
00110 1.0
00110 1.0
00111 1.0
00110 1.0
00111 1.0
00111 1.0
00000 0.125
00000 0.125
00000 0.125
00000 0.125
00000 0.125
00000 0.125
00000 0.125
00000 0.125
00011 1.0
00001 1.0
00111 1.0
00011 1.0
00011 1.0
00111 1.0
00111 1.0
00010 1.0
00111 1.0
00111 1.0
00111 1.0
00X11 1.0
00011 1.0
00111 1.0
00111 1.0
00011 1.0
00111 1.0
00010 1.0
00111 1.0
00011 1.0
00111 1.0
00000 1.0
00111 1.0
00X11 1.0
00110 1.0
00111 1.0
00111 1.0
00111 1.0
00111 1.0
00110 1.0
00011 1.0
00011 1.0
00111 1.0
00111 1.0
00111 1.0
00110 1.0
00111 1.0
00111 1.0
00111 1.0
00010 1.0
00111 1.0
00010 1.0
0011X 1.0
00110 1.0
00111 1.0
00110 1.0
00010 1.0
00111 1.0
00111 1.0
00111 1.0
00111 1.0
00111 1.0
00111 1.0
00011 1.0
00111 1.0
00X10 1.0
00111 1.0
00011 1.0
00111 1.0
00X11 1.0
00000 1.0
00010 1.0
00000 1.0
00X11 1.0
00X11 1.0
00011 1.0
00111 1.0
00110 1.0
00X11 1.0
00111 1.0
00111 1.0
00111 1.0
00000 1.0
0X111 1.0
00111 1.0
00011 1.0
0011X 1.0
0XX11 1.0
0011X 1.0
00X11 1.0
01111 1.0
00111 1.0
00X11 1.0
00111 1.0
00111 1.0
00111 1.0
00111 1.0
00X11 1.0
00X11 1.0
00111 1.0
0011X 1.0
01111 1.0
00100 0.5
00110 0.5
00111 1.0
00111 1.0
00110 1.0
00X11 1.0
00111 1.0
00010 1.0
00011 1.0
00X11 1.0
00011 1.0
00011 1.0
00011 1.0
00111 1.0
00010 1.0
00111 1.0
00X10 1.0
00010 1.0
00111 1.0
00X11 1.0
10111 1.0
00110 1.0
00111 1.0
00111 1.0
00X10 1.0
00111 1.0
00110 1.0
00011 1.0
00011 1.0
00011 1.0
01111 1.0
00X10 1.0
00111 1.0
00111 1.0
01111 1.0
00011 1.0
00011 1.0
00110 1.0
00111 1.0
00111 1.0
00X0X 1.0
00111 1.0
000X1 1.0
01111 1.0
00011 1.0
00111 1.0
00111 0.25
00111 0.25
00111 0.25
00111 0.25
00X11 1.0
00000 0.5
00000 0.5
00111 1.0
00010 1.0
0001X 1.0
00011 1.0
00011 1.0
