455
5
10110 1.0
10X10 1.0
10110 1.0
10010 0.5
10010 0.5
00X10 0.5
00X10 0.5
10110 0.25
10110 0.25
10110 0.25
10110 0.25
X0X10 1.0
00110 1.0
0X11X 1.0
10010 1.0
1011X 1.0
10X10 1.0
00110 1.0
X0110 1.0
10110 1.0
10010 1.0
10110 1.0
10010 1.0
10110 1.0
10010 1.0
1X01X 1.0
1X110 0.5
1X110 0.5
X0110 1.0
10110 1.0
10110 1.0
00000 1.0
00110 1.0
00010 1.0
10110 1.0
10110 0.5
10110 0.5
00110 1.0
00110 1.0
10110 1.0
10110 1.0
00110 1.0
10010 1.0
00110 1.0
00110 1.0
X0010 1.0
10110 1.0
X0010 1.0
00110 1.0
X0110 1.0
10110 1.0
1011X 1.0
X0110 1.0
10100 1.0
10110 1.0
00110 1.0
10110 1.0
X0010 1.0
10110 1.0
11X10 0.125
11X10 0.125
10X10 0.125
10X10 0.125
10X10 0.125
11X10 0.125
10X10 0.125
11X10 0.125
10110 1.0
10110 1.0
X0010 1.0
10110 1.0
10110 1.0
100X0 1.0
10110 1.0
X0110 1.0
00110 1.0
10110 1.0
10010 1.0
10110 1.0
X0111 1.0
10110 1.0
00110 1.0
10010 1.0
00010 1.0
1X110 1.0
1X110 1.0
10110 1.0
10110 1.0
0X11X 1.0
00110 1.0
1X11X 0.25
1X11X 0.25
1X11X 0.25
1X11X 0.25
10X10 0.25
10X00 0.25
10X10 0.25
10X00 0.25
10110 0.5
10110 0.5
X0010 1.0
1X110 1.0
10110 1.0
1X110 1.0
10010 1.0
1XX10 1.0
10110 1.0
10110 1.0
10110 1.0
00110 1.0
10110 1.0
10110 1.0
00110 0.25
00110 0.25
00110 0.25
00110 0.25
10110 1.0
0X110 1.0
10110 1.0
10110 1.0
10110 1.0
10110 1.0
1X110 1.0
10110 1.0
X0110 1.0
10110 1.0
00110 1.0
10110 1.0
00110 1.0
X0111 1.0
10110 1.0
10110 1.0
10110 1.0
00110 1.0
10110 0.5
10110 0.5
10110 1.0
10110 1.0
10110 1.0
00110 1.0
10110 1.0
10110 1.0
1X110 1.0
10110 1.0
10110 1.0
00110 1.0
10110 1.0
10110 1.0
10110 1.0
10110 1.0
00110 1.0
10110 1.0
10110 1.0
00110 1.0
00010 1.0
X0110 1.0
10110 1.0
10110 1.0
10110 1.0
10110 1.0
10110 1.0
10110 1.0
10110 1.0
10110 1.0
10110 1.0
10110 1.0
10110 1.0
10110 1.0
00110 1.0
10110 1.0
00110 1.0
10110 1.0
10110 1.0
10110 1.0
00X1X 1.0
10100 0.5
10110 0.5
X0110 1.0
10110 1.0
10110 1.0
10110 1.0
10110 1.0
10110 1.0
X0110 1.0
00100 1.0
X0110 1.0
00110 1.0
10110 1.0
10010 1.0
10X10 1.0
10110 1.0
10110 1.0
10110 1.0
10110 1.0
10110 1.0
X0000 0.5
X0000 0.5
10110 0.5
10110 0.5
10110 1.0
00110 1.0
X0010 1.0
10110 1.0
10110 1.0
X0010 1.0
00010 1.0
00000 1.0
10110 1.0
10110 1.0
10110 1.0
10010 1.0
X0X10 1.0
00110 1.0
10110 1.0
00010 1.0
10110 1.0
00110 1.0
10110 1.0
10010 1.0
10110 1.0
10010 1.0
10010 1.0
X0010 1.0
10010 1.0
00110 1.0
00110 0.25
10110 0.25
00110 0.25
10110 0.25
10110 1.0
X0110 1.0
10010 1.0
10010 1.0
10110 1.0
10010 1.0
10010 1.0
10110 1.0
101X0 1.0
10010 1.0
10110 0.5
10110 0.5
10110 1.0
10110 1.0
10110 1.0
10110 1.0
10010 0.5
10010 0.5
00010 1.0
00010 1.0
00010 1.0
10010 1.0
00110 1.0
10110 1.0
X0110 1.0
10010 1.0
10010 0.5
10010 0.5
10110 1.0
10010 1.0
X0010 1.0
10010 1.0
10110 1.0
10000 1.0
10010 1.0
00110 1.0
X0X10 1.0
10010 1.0
10110 0.5
10110 0.5
10110 1.0
10011 1.0
X0110 1.0
10010 1.0
10110 1.0
10110 1.0
10110 1.0
10010 1.0
10110 1.0
10010 1.0
10110 1.0
10010 1.0
00110 1.0
X0X10 1.0
00010 1.0
10010 1.0
10110 1.0
00010 1.0
10010 1.0
10110 1.0
10110 0.5
10110 0.5
10110 1.0
10110 1.0
10110 1.0
10110 1.0
10110 1.0
10110 1.0
10000 0.125
10000 0.125
10000 0.125
10000 0.125
10000 0.125
10000 0.125
10000 0.125
10000 0.125
10010 1.0
00000 1.0
10110 1.0
10010 1.0
10010 1.0
10110 1.0
10110 1.0
10010 1.0
10110 1.0
10110 1.0
10110 1.0
X0X10 1.0
10010 1.0
10110 1.0
10110 1.0
10010 1.0
10110 1.0
00010 1.0
00110 1.0
10010 1.0
10110 1.0
00000 1.0
10110 1.0
X0X10 1.0
00110 1.0
10110 1.0
10110 1.0
10110 1.0
10110 1.0
X0110 1.0
10010 1.0
00010 1.0
10110 1.0
X0110 1.0
00110 1.0
10110 1.0
10110 1.0
10110 1.0
10110 1.0
00010 1.0
10110 1.0
X0010 1.0
10110 1.0
10110 1.0
10110 1.0
10110 1.0
10010 1.0
10110 1.0
10110 1.0
10110 1.0
10110 1.0
10110 1.0
10110 1.0
10010 1.0
10110 1.0
10X10 1.0
10110 1.0
00010 1.0
10110 1.0
10X10 1.0
10000 1.0
00010 1.0
10000 1.0
10X10 1.0
X0X10 1.0
10010 1.0
10111 1.0
10110 1.0
X0X10 1.0
1011X 1.0
10110 1.0
10110 1.0
X0000 1.0
1011X 1.0
10110 1.0
X0010 1.0
00110 1.0
10X10 1.0
10110 1.0
X0X10 1.0
10110 1.0
10110 1.0
10X10 1.0
10110 1.0
10110 1.0
10110 1.0
10110 1.0
10X10 1.0
X0X10 1.0
X0110 1.0
X0110 1.0
10110 1.0
X0100 0.5
X0110 0.5
10110 1.0
10110 1.0
X0110 1.0
10X10 1.0
10110 1.0
00010 1.0
10010 1.0
10X10 1.0
10010 1.0
00010 1.0
00010 1.0
10110 1.0
10010 1.0
10110 1.0
10X10 1.0
10010 1.0
10110 1.0
X0X10 1.0
11110 1.0
10110 1.0
X0110 1.0
00110 1.0
10X11 1.0
10110 1.0
10110 1.0
10010 1.0
10010 1.0
10010 1.0
0011X 1.0
X0X10 1.0
10110 1.0
10111 1.0
10110 1.0
10010 1.0
00010 1.0
10110 1.0
10110 1.0
10111 1.0
X0X00 1.0
10110 1.0
100X0 1.0
1011X 1.0
X0010 1.0
X0110 1.0
10110 0.25
10110 0.25
10110 0.25
10110 0.25
X0X10 1.0
00000 0.5
00000 0.5
10110 1.0
10010 1.0
10010 1.0
10010 1.0
10010 1.0
