455
5
11111 1.0
X1110 1.0
01110 1.0
X1X10 0.5
X1X10 0.5
X0110 0.5
X0110 0.5
01110 0.25
01110 0.25
01110 0.25
01110 0.25
XX110 1.0
00110 1.0
101XX 1.0
11X10 1.0
11110 1.0
11110 1.0
001X0 1.0
XXX10 1.0
11110 1.0
11X10 1.0
1111X 1.0
01100 1.0
11110 1.0
01100 1.0
1111X 1.0
11111 0.5
11111 0.5
1X110 1.0
11110 1.0
X1100 1.0
00000 1.0
00110 1.0
00100 1.0
01110 1.0
111X0 0.5
111X0 0.5
00110 1.0
00110 1.0
11110 1.0
11110 1.0
00110 1.0
01110 1.0
00110 1.0
00110 1.0
1X110 1.0
X1110 1.0
0X110 1.0
00110 1.0
XX110 1.0
01110 1.0
0111X 1.0
XX110 1.0
01100 1.0
1111X 1.0
10100 1.0
11110 1.0
XX110 1.0
01110 1.0
11110 0.125
11110 0.125
11110 0.125
11110 0.125
11110 0.125
11110 0.125
11110 0.125
11110 0.125
01110 1.0
01110 1.0
1X100 1.0
01100 1.0
01110 1.0
01100 1.0
11110 1.0
XX110 1.0
10110 1.0
01100 1.0
01110 1.0
11110 1.0
0X1X0 1.0
01110 1.0
00110 1.0
01110 1.0
00100 1.0
X1110 1.0
11110 1.0
01110 1.0
X1110 1.0
X0110 1.0
X0110 1.0
1111X 0.25
1111X 0.25
1111X 0.25
1111X 0.25
X1110 0.25
X1110 0.25
X1010 0.25
X1010 0.25
11110 0.5
11110 0.5
1X100 1.0
X1110 1.0
01110 1.0
111X0 1.0
X1110 1.0
01110 1.0
11110 1.0
11110 1.0
111X0 1.0
101X0 1.0
111X0 1.0
11110 1.0
00110 0.25
00110 0.25
00110 0.25
00110 0.25
01110 1.0
10110 1.0
11110 1.0
01110 1.0
01110 1.0
01110 1.0
111X0 1.0
11110 1.0
0X110 1.0
X1110 1.0
001X0 1.0
01110 1.0
101X0 1.0
1X110 1.0
01110 1.0
11110 1.0
111X0 1.0
00100 1.0
X1010 0.5
X1110 0.5
11110 1.0
11100 1.0
01110 1.0
10010 1.0
11110 1.0
11110 1.0
111X0 1.0
01110 1.0
11110 1.0
00110 1.0
11110 1.0
X1100 1.0
11110 1.0
01110 1.0
00110 1.0
X1110 1.0
11110 1.0
00110 1.0
00110 1.0
1X110 1.0
11110 1.0
11110 1.0
11110 1.0
11110 1.0
01100 1.0
011X0 1.0
11100 1.0
01110 1.0
11100 1.0
011X0 1.0
11110 1.0
11100 1.0
00110 1.0
X1110 1.0
00100 1.0
11110 1.0
11110 1.0
111X0 1.0
00100 1.0
11110 0.5
11110 0.5
1XX10 1.0
1111X 1.0
11110 1.0
11110 1.0
01X00 1.0
11110 1.0
XX110 1.0
00100 1.0
XX110 1.0
10110 1.0
11110 1.0
11110 1.0
01010 1.0
11110 1.0
01110 1.0
X1110 1.0
111X0 1.0
01100 1.0
0X100 0.5
0X100 0.5
11110 0.5
01110 0.5
X1100 1.0
00X00 1.0
XX110 1.0
11110 1.0
11110 1.0
XX1X0 1.0
00X00 1.0
00100 1.0
11100 1.0
01110 1.0
11110 1.0
01100 1.0
XX110 1.0
00100 1.0
11000 1.0
00110 1.0
1111X 1.0
00110 1.0
1111X 1.0
11111 1.0
01110 1.0
01110 1.0
X1110 1.0
0X100 1.0
11100 1.0
00100 1.0
00110 0.25
01110 0.25
10110 0.25
11110 0.25
01110 1.0
XX110 1.0
01100 1.0
01110 1.0
01100 1.0
01110 1.0
01110 1.0
11100 1.0
01110 1.0
01110 1.0
11110 0.5
11110 0.5
11110 1.0
X1110 1.0
X1110 1.0
11110 1.0
01010 0.5
01110 0.5
00100 1.0
00110 1.0
00110 1.0
011X0 1.0
00110 1.0
01110 1.0
XX110 1.0
01110 1.0
11110 0.5
11110 0.5
01110 1.0
01100 1.0
1XXX0 1.0
01110 1.0
11110 1.0
01100 1.0
01110 1.0
00110 1.0
XX110 1.0
01110 1.0
11000 0.5
11000 0.5
11110 1.0
01110 1.0
XX110 1.0
01110 1.0
11110 1.0
11110 1.0
11100 1.0
011X0 1.0
11110 1.0
01110 1.0
01110 1.0
X1110 1.0
10110 1.0
XX110 1.0
10100 1.0
01110 1.0
01100 1.0
00110 1.0
11110 1.0
11110 1.0
11110 0.5
11110 0.5
01110 1.0
11110 1.0
01110 1.0
01100 1.0
X1110 1.0
01110 1.0
01100 0.125
01000 0.125
01100 0.125
01000 0.125
01000 0.125
01100 0.125
01100 0.125
01000 0.125
01110 1.0
00100 1.0
11110 1.0
01100 1.0
01110 1.0
11110 1.0
01110 1.0
01110 1.0
11110 1.0
01110 1.0
11100 1.0
XX100 1.0
01000 1.0
X1010 1.0
11110 1.0
01110 1.0
11110 1.0
00100 1.0
00110 1.0
01110 1.0
01110 1.0
00100 1.0
11110 1.0
XX110 1.0
00100 1.0
11110 1.0
11110 1.0
11110 1.0
11110 1.0
XX100 1.0
01110 1.0
00110 1.0
11110 1.0
XX110 1.0
001X0 1.0
11110 1.0
01110 1.0
11110 1.0
01110 1.0
00110 1.0
11110 1.0
XX100 1.0
11110 1.0
01110 1.0
01110 1.0
11110 1.0
01110 1.0
111X0 1.0
111X0 1.0
01110 1.0
X11X0 1.0
111X0 1.0
11110 1.0
01110 1.0
11110 1.0
11100 1.0
01100 1.0
00010 1.0
11110 1.0
X1110 1.0
01100 1.0
00110 1.0
01100 1.0
11110 1.0
XX110 1.0
01110 1.0
11110 1.0
11110 1.0
XX110 1.0
11110 1.0
11110 1.0
11110 1.0
0X000 1.0
1110X 1.0
11110 1.0
0X110 1.0
00110 1.0
1111X 1.0
01100 1.0
XX110 1.0
11111 1.0
01100 1.0
X1110 1.0
X1110 1.0
01110 1.0
11110 1.0
11110 1.0
11110 1.0
XX110 1.0
0X1X0 1.0
0X110 1.0
11111 1.0
0X1X0 0.5
0X1X0 0.5
01110 1.0
11110 1.0
XX1X0 1.0
11100 1.0
11XX0 1.0
00100 1.0
01110 1.0
01110 1.0
01110 1.0
001X0 1.0
00100 1.0
01110 1.0
11110 1.0
X11X0 1.0
11110 1.0
01110 1.0
01100 1.0
1X110 1.0
01110 1.0
X1110 1.0
0X110 1.0
00010 1.0
011X0 1.0
01110 1.0
01110 1.0
01110 1.0
X11X0 1.0
X1110 1.0
10111 1.0
XXX00 1.0
11110 1.0
11110 1.0
11111 1.0
11000 1.0
00100 1.0
11110 1.0
11110 1.0
11110 1.0
0X1X0 1.0
11110 1.0
01100 1.0
11111 1.0
0X100 1.0
0X1X0 1.0
01110 0.25
01110 0.25
01110 0.25
01110 0.25
0X100 1.0
00000 0.5
00000 0.5
01100 1.0
01110 1.0
01110 1.0
01110 1.0
11110 1.0
