455
5
X1111 1.0
10111 1.0
10111 1.0
11111 0.5
11111 0.5
11011 0.5
11011 0.5
00111 0.25
01111 0.25
10111 0.25
11111 0.25
1XX11 1.0
11011 1.0
11011 1.0
11111 1.0
11110 1.0
0X111 1.0
11011 1.0
11X11 1.0
11111 1.0
11111 1.0
1111X 1.0
11111 1.0
01111 1.0
00110 1.0
11111 1.0
XX111 0.5
XX111 0.5
11X11 1.0
11111 1.0
X1110 1.0
00000 1.0
10011 1.0
11011 1.0
11111 1.0
11111 0.5
11111 0.5
11011 1.0
10011 1.0
00111 1.0
01111 1.0
11011 1.0
11111 1.0
00011 1.0
11011 1.0
11X11 1.0
11111 1.0
10X11 1.0
11011 1.0
11X11 1.0
11111 1.0
00111 1.0
11X11 1.0
11100 1.0
X1111 1.0
11011 1.0
11111 1.0
0XX10 1.0
00111 1.0
X1111 0.125
X1111 0.125
X1111 0.125
X1111 0.125
X1111 0.125
X1111 0.125
X1111 0.125
X1111 0.125
11111 1.0
10111 1.0
11X11 1.0
01111 1.0
11110 1.0
011X0 1.0
11111 1.0
1XX11 1.0
11011 1.0
01111 1.0
11111 1.0
11111 1.0
X0X1X 1.0
11111 1.0
11011 1.0
11111 1.0
00011 1.0
11111 1.0
XX111 1.0
11110 1.0
1X111 1.0
00010 1.0
00011 1.0
00110 0.25
01110 0.25
10110 0.25
11110 0.25
11111 0.25
11101 0.25
11111 0.25
11101 0.25
10111 0.5
10111 0.5
11X11 1.0
X1110 1.0
0X111 1.0
X1110 1.0
01111 1.0
X1111 1.0
XX111 1.0
0X111 1.0
XX110 1.0
0101X 1.0
XX11X 1.0
1X111 1.0
11011 0.25
10011 0.25
00011 0.25
01011 0.25
11111 1.0
XX011 1.0
X0111 1.0
X1110 1.0
11111 1.0
X1110 1.0
X1110 1.0
11111 1.0
00X11 1.0
00111 1.0
1101X 1.0
X0111 1.0
XX010 1.0
11X11 1.0
11111 1.0
11111 1.0
0011X 1.0
00010 1.0
00111 0.5
00111 0.5
0011X 1.0
X0110 1.0
11111 1.0
X001X 1.0
XX111 1.0
01110 1.0
01111 1.0
11111 1.0
XX111 1.0
0001X 1.0
X1111 1.0
X0110 1.0
X1111 1.0
XX111 1.0
X0011 1.0
1X111 1.0
X1110 1.0
01011 1.0
00011 1.0
11X11 1.0
01111 1.0
01111 1.0
01111 1.0
XX111 1.0
11111 1.0
XX110 1.0
11111 1.0
XX11X 1.0
X111X 1.0
XX111 1.0
XX111 1.0
XX110 1.0
11011 1.0
XX111 1.0
00010 1.0
00111 1.0
01111 1.0
0X110 1.0
11010 1.0
1110X 0.5
1111X 0.5
XXX11 1.0
X111X 1.0
XX11X 1.0
X111X 1.0
X1110 1.0
11111 1.0
11X11 1.0
11000 1.0
X1X11 1.0
0X011 1.0
X111X 1.0
11111 1.0
11111 1.0
1011X 1.0
00110 1.0
11111 1.0
X0110 1.0
00110 1.0
00X00 0.5
00X00 0.5
X0110 0.5
X0110 0.5
11110 1.0
00010 1.0
00X11 1.0
11111 1.0
11111 1.0
11X11 1.0
00010 1.0
00000 1.0
1111X 1.0
00111 1.0
01111 1.0
01111 1.0
X1X11 1.0
1X010 1.0
01110 1.0
01011 1.0
X111X 1.0
01011 1.0
XX111 1.0
11111 1.0
01111 1.0
00111 1.0
1111X 1.0
11X11 1.0
11111 1.0
00010 1.0
11010 0.25
11110 0.25
11010 0.25
11110 0.25
11111 1.0
11X11 1.0
00110 1.0
11111 1.0
00110 1.0
00111 1.0
11111 1.0
1X110 1.0
011X1 1.0
01111 1.0
11111 0.5
11111 0.5
11111 1.0
11111 1.0
11111 1.0
11111 1.0
00111 0.5
00111 0.5
X1010 1.0
00011 1.0
01011 1.0
1111X 1.0
00010 1.0
11111 1.0
11X1X 1.0
01111 1.0
10111 0.5
10111 0.5
11111 1.0
01111 1.0
X1X11 1.0
10111 1.0
11111 1.0
11100 1.0
11111 1.0
11011 1.0
1XX11 1.0
11111 1.0
00111 0.5
00110 0.5
11111 1.0
11111 1.0
X1X11 1.0
01111 1.0
01111 1.0
11110 1.0
11110 1.0
11111 1.0
01111 1.0
00111 1.0
11111 1.0
11111 1.0
11011 1.0
11X11 1.0
00010 1.0
00111 1.0
01111 1.0
00011 1.0
X1111 1.0
01111 1.0
11111 0.5
11111 0.5
10111 1.0
00110 1.0
11111 1.0
00110 1.0
11111 1.0
11111 1.0
00100 0.125
00100 0.125
00100 0.125
00100 0.125
00100 0.125
00100 0.125
00100 0.125
00100 0.125
11111 1.0
11000 1.0
11111 1.0
11111 1.0
X1111 1.0
11111 1.0
11111 1.0
00111 1.0
01111 1.0
01111 1.0
01111 1.0
11X11 1.0
11110 1.0
11111 1.0
11111 1.0
11111 1.0
11110 1.0
10010 1.0
11011 1.0
11111 1.0
11111 1.0
00000 1.0
11111 1.0
11X11 1.0
00011 1.0
11111 1.0
11111 1.0
11111 1.0
11111 1.0
00X10 1.0
11111 1.0
11011 1.0
X111X 1.0
01X11 1.0
11011 1.0
00111 1.0
11111 1.0
11111 1.0
11111 1.0
00011 1.0
11111 1.0
00X10 1.0
1X111 1.0
00111 1.0
01111 1.0
00111 1.0
10111 1.0
X111X 1.0
11110 1.0
X1111 1.0
11110 1.0
X111X 1.0
11111 1.0
01111 1.0
11111 1.0
10110 1.0
01110 1.0
11011 1.0
11111 1.0
X1111 1.0
00100 1.0
10010 1.0
00100 1.0
11111 1.0
11X11 1.0
11111 1.0
11111 1.0
10111 1.0
11X11 1.0
11111 1.0
11111 1.0
01111 1.0
00X00 1.0
X111X 1.0
X1111 1.0
11X11 1.0
1X011 1.0
X1111 1.0
XX110 1.0
11X11 1.0
X1111 1.0
X111X 1.0
11111 1.0
X111X 1.0
11111 1.0
11111 1.0
11111 1.0
11111 1.0
X1X11 1.0
01X10 1.0
XXX11 1.0
11111 1.0
00X00 0.5
00X10 0.5
11111 1.0
X1111 1.0
10X1X 1.0
11111 1.0
X111X 1.0
00010 1.0
01111 1.0
X1111 1.0
11111 1.0
11010 1.0
11010 1.0
11111 1.0
00111 1.0
11111 1.0
00111 1.0
00111 1.0
11111 1.0
11X11 1.0
11111 1.0
00111 1.0
01X11 1.0
11011 1.0
00111 1.0
1111X 1.0
00111 1.0
01111 1.0
0111X 1.0
11111 1.0
11011 1.0
00X10 1.0
11110 1.0
X111X 1.0
11111 1.0
11111 1.0
X1010 1.0
00111 1.0
1111X 1.0
11111 1.0
XXX00 1.0
X1111 1.0
111X0 1.0
11111 1.0
X1X1X 1.0
01X10 1.0
11111 0.25
11111 0.25
11111 0.25
11111 0.25
X1X1X 1.0
00000 0.5
10000 0.5
X1110 1.0
00111 1.0
XX110 1.0
01111 1.0
11111 1.0
