455
7
0111X11 1.0
0000000 1.0
0000100 1.0
0001X00 0.5
0001X00 0.5
0000100 0.5
0000100 0.5
0001000 0.25
0001000 0.25
0001000 0.25
0001000 0.25
0000100 1.0
0001100 1.0
XXX11XX 1.0
0001X00 1.0
0001100 1.0
0001100 1.0
0001100 1.0
0001100 1.0
0001100 1.0
0001X00 1.0
0XX1XXX 1.0
0001100 1.0
0000100 1.0
0000100 1.0
XXX11XX 1.0
X111111 0.5
X111111 0.5
0001100 1.0
0001100 1.0
0001100 1.0
0000000 1.0
0001100 1.0
0001100 1.0
000X100 1.0
0000100 0.5
0000100 0.5
0001100 1.0
0001100 1.0
0001100 1.0
0001100 1.0
0001100 1.0
0000100 1.0
0001100 1.0
0001100 1.0
0001000 1.0
0001100 1.0
0000100 1.0
0001100 1.0
0001100 1.0
0001100 1.0
0XX11XX 1.0
0000100 1.0
0001100 1.0
0XX11XX 1.0
0001100 1.0
0001100 1.0
0000100 1.0
0001100 1.0
1001100 0.125
1001100 0.125
0001100 0.125
0001100 0.125
0001100 0.125
1001100 0.125
0001100 0.125
1001100 0.125
0001100 1.0
0000100 1.0
0000100 1.0
0001100 1.0
0000100 1.0
000X100 1.0
0000100 1.0
0001100 1.0
0001100 1.0
0001100 1.0
0001100 1.0
0001100 1.0
0001100 1.0
0000100 1.0
0000100 1.0
0001100 1.0
0000100 1.0
X000100 1.0
X000100 1.0
0000100 1.0
0000100 1.0
X001100 1.0
0001100 1.0
XXX01XX 0.25
XXX01XX 0.25
XXX01XX 0.25
XXX01XX 0.25
0001100 0.25
0001100 0.25
0001100 0.25
0001100 0.25
0001100 0.5
0001100 0.5
0001100 1.0
X001100 1.0
0000100 1.0
X001100 1.0
0000100 1.0
X000100 1.0
0000100 1.0
0000100 1.0
0000100 1.0
0000100 1.0
0000100 1.0
0001100 1.0
0001100 0.25
0001100 0.25
0001100 0.25
0001100 0.25
0000100 1.0
X000100 1.0
000X100 1.0
0001100 1.0
0001100 1.0
0000100 1.0
X001100 1.0
0001100 1.0
0000100 1.0
0000100 1.0
0001100 1.0
0000100 1.0
0000100 1.0
0001000 1.0
0001000 1.0
0000100 1.0
0000100 1.0
0001100 1.0
0000100 0.5
0000100 0.5
0000100 1.0
0000100 1.0
0001100 1.0
0000100 1.0
0000100 1.0
0000100 1.0
X000100 1.0
0001100 1.0
0000100 1.0
000X100 1.0
0000100 1.0
0000100 1.0
0001100 1.0
0000100 1.0
0000100 1.0
0001100 1.0
0000100 1.0
0000100 1.0
0001100 1.0
0001100 1.0
000X100 1.0
0000100 1.0
0000100 1.0
0001100 1.0
0000100 1.0
0000100 1.0
0001100 1.0
000X100 1.0
0000100 1.0
0001100 1.0
0001100 1.0
0000100 1.0
0001100 1.0
0000100 1.0
0001100 1.0
0000100 1.0
0000100 1.0
0000100 1.0
0000100 1.0
0001100 0.5
0001100 0.5
0000100 1.0
0XXX1XX 1.0
0000100 1.0
0000100 1.0
0000100 1.0
0001100 1.0
000X100 1.0
0001000 1.0
0000100 1.0
000X100 1.0
0000100 1.0
0000100 1.0
0001000 1.0
0001100 1.0
0001100 1.0
0001100 1.0
0000100 1.0
0000100 1.0
0000100 0.5
0000100 0.5
000X100 0.5
000X100 0.5
0001100 1.0
0001X00 1.0
0000100 1.0
0001100 1.0
0000100 1.0
0000100 1.0
0000X00 1.0
0001100 1.0
000X100 1.0
0001100 1.0
0001100 1.0
0000100 1.0
0001100 1.0
0001100 1.0
0001000 1.0
0000100 1.0
0XX11XX 1.0
0001100 1.0
0XX11XX 1.0
0111111 1.0
0001100 1.0
0000100 1.0
0000100 1.0
0000100 1.0
0000100 1.0
0001100 1.0
0001100 0.25
0001100 0.25
0001100 0.25
0001100 0.25
0001100 1.0
0001100 1.0
0000100 1.0
0000100 1.0
0001100 1.0
0000100 1.0
0000100 1.0
0000100 1.0
0001100 1.0
0000100 1.0
0001100 0.5
0001100 0.5
0000100 1.0
0000100 1.0
000X100 1.0
0001100 1.0
0000100 0.5
0000100 0.5
0000100 1.0
0000100 1.0
0001100 1.0
0000100 1.0
0000100 1.0
0001100 1.0
0001100 1.0
0001100 1.0
0000100 0.5
0000100 0.5
0000100 1.0
0000100 1.0
0000100 1.0
0001100 1.0
0000100 1.0
000X100 1.0
0000100 1.0
0001100 1.0
0001100 1.0
0000100 1.0
0001100 0.5
0001100 0.5
0001100 1.0
0000100 1.0
0001100 1.0
0001100 1.0
0001100 1.0
0001100 1.0
000X100 1.0
0001100 1.0
0001100 1.0
0000100 1.0
0001100 1.0
0001100 1.0
0001100 1.0
0000100 1.0
0000100 1.0
0000100 1.0
0001100 1.0
0000X00 1.0
0001X00 1.0
0001100 1.0
0001100 0.5
0001100 0.5
0001100 1.0
0001100 1.0
0001100 1.0
0001100 1.0
000X100 1.0
0001100 1.0
0000000 0.125
0000000 0.125
0000000 0.125
0000000 0.125
0000100 0.125
0000100 0.125
0000100 0.125
0000100 0.125
0000100 1.0
0000100 1.0
0001100 1.0
0001100 1.0
0001100 1.0
0000100 1.0
0001100 1.0
0000100 1.0
0000100 1.0
0001100 1.0
0001100 1.0
0001X00 1.0
0000100 1.0
0001X00 1.0
0001100 1.0
0000100 1.0
0001100 1.0
0000100 1.0
0001100 1.0
0000100 1.0
0001100 1.0
0000100 1.0
0001100 1.0
0000100 1.0
0001100 1.0
0001100 1.0
0001100 1.0
0001100 1.0
0001100 1.0
0000100 1.0
000X100 1.0
0000100 1.0
0001100 1.0
0001100 1.0
0000100 1.0
0001100 1.0
0001100 1.0
0001100 1.0
0001100 1.0
0001100 1.0
0001X00 1.0
0000000 1.0
0001100 1.0
0001100 1.0
0001100 1.0
0001100 1.0
0000100 1.0
0001100 1.0
0001100 1.0
0001100 1.0
0000100 1.0
000X100 1.0
0001100 1.0
0001100 1.0
0001100 1.0
0001100 1.0
0001100 1.0
0000000 1.0
0001100 1.0
0001100 1.0
0001100 1.0
0000100 1.0
0001100 1.0
0001100 1.0
0001100 1.0
0000100 1.0
0001100 1.0
0001100 1.0
0001100 1.0
0001100 1.0
0001100 1.0
0001100 1.0
0000000 1.0
0XX01XX 1.0
0000100 1.0
0001100 1.0
0000100 1.0
0XX11XX 1.0
0000100 1.0
0001100 1.0
0110111 1.0
0000100 1.0
0001100 1.0
0000100 1.0
0000100 1.0
0001100 1.0
0000100 1.0
0001100 1.0
0001100 1.0
0001100 1.0
0001100 1.0
0111111 1.0
0001100 0.5
0001100 0.5
0001100 1.0
0001100 1.0
0000100 1.0
0001100 1.0
0001X00 1.0
0000100 1.0
0000100 1.0
0000100 1.0
0000100 1.0
0000100 1.0
0001100 1.0
0001100 1.0
0001100 1.0
0000100 1.0
0001100 1.0
0000100 1.0
0000100 1.0
0001100 1.0
1000100 1.0
0001100 1.0
0001100 1.0
0001100 1.0
0000100 1.0
0000100 1.0
0001100 1.0
0001100 1.0
0001100 1.0
0001100 1.0
0110111 1.0
0000100 1.0
0001100 1.0
0001100 1.0
0111111 1.0
0000100 1.0
0001100 1.0
0001100 1.0
0001100 1.0
0001100 1.0
0000000 1.0
000X100 1.0
0000X00 1.0
0111111 1.0
0000000 1.0
0000100 1.0
0000X00 0.25
0001X00 0.25
0000X00 0.25
0001X00 0.25
0000X00 1.0
0000000 0.5
0000000 0.5
0001100 1.0
0000100 1.0
0001100 1.0
0001100 1.0
0001100 1.0
