455
5
11111 1.0
00110 1.0
00110 1.0
00X10 0.5
00X11 0.5
00100 0.5
00100 0.5
00111 0.25
00111 0.25
00111 0.25
00111 0.25
001X0 1.0
00100 1.0
XX100 1.0
00X10 1.0
10110 1.0
X011X 1.0
00100 1.0
00XX1 1.0
00110 1.0
00X10 1.0
1X110 1.0
00110 1.0
00110 1.0
00110 1.0
XX110 1.0
11111 0.5
11111 0.5
001X0 1.0
00110 1.0
00110 1.0
00000 1.0
00101 1.0
00100 1.0
00110 1.0
00110 0.5
00110 0.5
00100 1.0
00101 1.0
00111 1.0
00110 1.0
00100 1.0
00110 1.0
00100 1.0
00100 1.0
001X0 1.0
00111 1.0
001X0 1.0
00100 1.0
001X0 1.0
00110 1.0
0X111 1.0
001X0 1.0
00110 1.0
0X111 1.0
00100 1.0
00111 1.0
001X0 1.0
00110 1.0
10111 0.125
00111 0.125
10111 0.125
00111 0.125
10111 0.125
00111 0.125
00111 0.125
10111 0.125
00110 1.0
00110 1.0
001X0 1.0
00110 1.0
00110 1.0
00110 1.0
00110 1.0
001X0 1.0
00101 1.0
00110 1.0
00111 1.0
00111 1.0
001X0 1.0
00111 1.0
00100 1.0
00111 1.0
00100 1.0
00110 1.0
0011X 1.0
00110 1.0
0011X 1.0
00100 1.0
00100 1.0
XX110 0.25
XX110 0.25
XX110 0.25
XX110 0.25
00110 0.25
00110 0.25
00010 0.25
00010 0.25
00110 0.5
00110 0.5
001X0 1.0
00110 1.0
0011X 1.0
00110 1.0
00110 1.0
00110 1.0
10110 1.0
00110 1.0
0011X 1.0
00100 1.0
0011X 1.0
0011X 1.0
00100 0.25
00100 0.25
00100 0.25
00100 0.25
00111 1.0
0010X 1.0
00110 1.0
00110 1.0
00110 1.0
0011X 1.0
00110 1.0
00110 1.0
001X0 1.0
00110 1.0
00100 1.0
00110 1.0
0010X 1.0
001X1 1.0
00110 1.0
00111 1.0
0011X 1.0
00100 1.0
00010 0.5
00110 0.5
0011X 1.0
0011X 1.0
00110 1.0
0000X 1.0
0011X 1.0
0011X 1.0
0011X 1.0
00110 1.0
0011X 1.0
0010X 1.0
0011X 1.0
00110 1.0
10110 1.0
0011X 1.0
0010X 1.0
00110 1.0
00110 1.0
00100 1.0
00100 1.0
001X1 1.0
00110 1.0
1011X 1.0
00110 1.0
00110 1.0
00110 1.0
00110 1.0
00110 1.0
0011X 1.0
0011X 1.0
00110 1.0
0011X 1.0
0011X 1.0
00101 1.0
0011X 1.0
00100 1.0
0011X 1.0
0011X 1.0
0011X 1.0
00101 1.0
00111 0.5
00111 0.5
00XX0 1.0
1X11X 1.0
0011X 1.0
0011X 1.0
00X1X 1.0
00111 1.0
001X0 1.0
00101 1.0
001XX 1.0
00100 1.0
0011X 1.0
00110 1.0
00011 1.0
00111 1.0
00111 1.0
0011X 1.0
0011X 1.0
0011X 1.0
001X0 0.5
001X0 0.5
0011X 0.5
0011X 0.5
00110 1.0
00X00 1.0
001X1 1.0
00111 1.0
0011X 1.0
001X0 1.0
00X00 1.0
00100 1.0
00110 1.0
00110 1.0
00111 1.0
00110 1.0
001X0 1.0
00100 1.0
00010 1.0
00100 1.0
XX110 1.0
00101 1.0
XX111 1.0
11111 1.0
00110 1.0
00110 1.0
00110 1.0
001X0 1.0
00110 1.0
00100 1.0
00101 0.25
00111 0.25
00101 0.25
00111 0.25
00111 1.0
001X1 1.0
00110 1.0
00110 1.0
00110 1.0
00110 1.0
00110 1.0
00110 1.0
00110 1.0
00110 1.0
00111 0.5
00111 0.5
00110 1.0
00110 1.0
00110 1.0
00110 1.0
00010 0.5
00110 0.5
00100 1.0
00100 1.0
00100 1.0
00110 1.0
00100 1.0
00110 1.0
001X0 1.0
00110 1.0
00110 0.5
00110 0.5
00110 1.0
00110 1.0
00XX0 1.0
00110 1.0
00111 1.0
00111 1.0
00111 1.0
00101 1.0
001X0 1.0
00110 1.0
00010 0.5
00010 0.5
00110 1.0
00110 1.0
001X1 1.0
00110 1.0
00110 1.0
00111 1.0
00110 1.0
00111 1.0
00110 1.0
00110 1.0
00110 1.0
00111 1.0
00100 1.0
001X0 1.0
00100 1.0
00110 1.0
00111 1.0
00100 1.0
00110 1.0
00110 1.0
00111 0.5
00110 0.5
00110 1.0
00111 1.0
00110 1.0
00110 1.0
00110 1.0
00110 1.0
00110 0.125
00010 0.125
00110 0.125
00010 0.125
00010 0.125
00110 0.125
00110 0.125
00010 0.125
00110 1.0
00100 1.0
00111 1.0
00110 1.0
00111 1.0
00111 1.0
00110 1.0
00110 1.0
00110 1.0
00110 1.0
00110 1.0
001X0 1.0
00010 1.0
00011 1.0
00110 1.0
00110 1.0
00111 1.0
00100 1.0
00101 1.0
00110 1.0
00110 1.0
00100 1.0
00110 1.0
001X0 1.0
00101 1.0
10111 1.0
00110 1.0
00111 1.0
00111 1.0
001X0 1.0
00111 1.0
00100 1.0
0011X 1.0
001X0 1.0
00101 1.0
00111 1.0
00110 1.0
00111 1.0
00111 1.0
00100 1.0
00111 1.0
001X0 1.0
00111 1.0
00110 1.0
00110 1.0
00111 1.0
00110 1.0
0011X 1.0
00111 1.0
00111 1.0
00110 1.0
00110 1.0
00111 1.0
00110 1.0
00110 1.0
00111 1.0
00110 1.0
00000 1.0
00110 1.0
00111 1.0
00111 1.0
00100 1.0
00110 1.0
00111 1.0
001X0 1.0
00110 1.0
00111 1.0
00110 1.0
001X1 1.0
00111 1.0
00111 1.0
0011X 1.0
000X1 1.0
0X111 1.0
00110 1.0
001X0 1.0
00100 1.0
0X110 1.0
00110 1.0
001X1 1.0
11110 1.0
00110 1.0
00111 1.0
0011X 1.0
00110 1.0
00110 1.0
00110 1.0
00111 1.0
001X0 1.0
001X1 1.0
001X1 1.0
0111X 1.0
001X1 0.5
001X1 0.5
00110 1.0
00110 1.0
001X0 1.0
00110 1.0
10X10 1.0
00100 1.0
00110 1.0
00110 1.0
00110 1.0
00100 1.0
00100 1.0
00110 1.0
00110 1.0
00110 1.0
00110 1.0
00110 1.0
00110 1.0
001X0 1.0
00110 1.0
00110 1.0
001X0 1.0
00000 1.0
00110 1.0
00110 1.0
00110 1.0
00110 1.0
00110 1.0
00110 1.0
11100 1.0
00XX0 1.0
00111 1.0
10110 1.0
11111 1.0
00010 1.0
00100 1.0
00111 1.0
10110 1.0
00110 1.0
001X0 1.0
00110 1.0
00110 1.0
11111 1.0
001X0 1.0
001X0 1.0
00110 0.25
00110 0.25
00110 0.25
00110 0.25
001X0 1.0
00000 0.5
00000 0.5
00110 1.0
00110 1.0
0011X 1.0
00110 1.0
00111 1.0
