455
5
10X01 1.0
X0001 1.0
10101 1.0
00X01 0.5
00X01 0.5
X0101 0.5
X0101 0.5
10011 0.25
10011 0.25
10011 0.25
10011 0.25
X0101 1.0
10111 1.0
1X101 1.0
00X01 1.0
10111 1.0
X0101 1.0
10111 1.0
10101 1.0
10101 1.0
00X01 1.0
10X01 1.0
00101 1.0
10101 1.0
00101 1.0
0X101 1.0
1X101 0.5
1X101 0.5
10101 1.0
10111 1.0
10111 1.0
00000 1.0
10111 1.0
00111 1.0
10101 1.0
10101 0.5
10101 0.5
10111 1.0
10111 1.0
10111 1.0
10101 1.0
10111 1.0
00101 1.0
10111 1.0
10111 1.0
00001 1.0
10101 1.0
00111 1.0
10111 1.0
10111 1.0
10101 1.0
10111 1.0
10101 1.0
10110 1.0
10101 1.0
10111 1.0
10101 1.0
00101 1.0
10111 1.0
X1101 0.125
X1101 0.125
X0101 0.125
X0101 0.125
X0101 0.125
X1101 0.125
X0101 0.125
X1101 0.125
10101 1.0
10101 1.0
00111 1.0
10101 1.0
10101 1.0
0010X 1.0
10101 1.0
10111 1.0
10111 1.0
10101 1.0
00101 1.0
10101 1.0
10111 1.0
10111 1.0
10111 1.0
00101 1.0
00111 1.0
1X111 1.0
1X101 1.0
10111 1.0
101X1 1.0
1X111 1.0
10111 1.0
1X111 0.25
1X111 0.25
1X111 0.25
1X111 0.25
X0111 0.25
X0110 0.25
X0111 0.25
X0110 0.25
10111 0.5
10111 0.5
00101 1.0
1X111 1.0
10101 1.0
1X111 1.0
00101 1.0
XX101 1.0
10101 1.0
10101 1.0
10111 1.0
10111 1.0
10101 1.0
10101 1.0
101X1 0.25
101X1 0.25
101X1 0.25
101X1 0.25
10101 1.0
1X101 1.0
10101 1.0
10101 1.0
10111 1.0
10111 1.0
1X101 1.0
10101 1.0
10111 1.0
10101 1.0
10111 1.0
10101 1.0
10101 1.0
10011 1.0
10001 1.0
10111 1.0
10101 1.0
10111 1.0
10101 0.5
10101 0.5
10101 1.0
10111 1.0
10101 1.0
10101 1.0
10101 1.0
10101 1.0
1X101 1.0
10101 1.0
10101 1.0
10101 1.0
10111 1.0
10111 1.0
10101 1.0
10101 1.0
10101 1.0
10101 1.0
10101 1.0
10111 1.0
00111 1.0
10101 1.0
10111 1.0
10111 1.0
101X1 1.0
10111 1.0
10101 1.0
101X1 1.0
10101 1.0
10101 1.0
10101 1.0
10101 1.0
10101 1.0
10111 1.0
10111 1.0
10111 1.0
10111 1.0
10101 1.0
10101 1.0
10101 1.0
X0111 1.0
10110 0.5
10111 0.5
101X1 1.0
10101 1.0
10111 1.0
10111 1.0
101X1 1.0
10101 1.0
10101 1.0
10010 1.0
10111 1.0
10101 1.0
10101 1.0
00111 1.0
X0011 1.0
10111 1.0
10101 1.0
10101 1.0
10111 1.0
10101 1.0
00100 0.5
00100 0.5
10101 0.5
10101 0.5
10111 1.0
10X01 1.0
00101 1.0
10101 1.0
10101 1.0
00111 1.0
00X01 1.0
00100 1.0
101X1 1.0
10101 1.0
10111 1.0
00101 1.0
X0101 1.0
10111 1.0
10001 1.0
00101 1.0
10111 1.0
10111 1.0
10111 1.0
00111 1.0
10101 1.0
00101 1.0
00101 1.0
00101 1.0
00111 1.0
10111 1.0
10111 0.25
10111 0.25
10111 0.25
10111 0.25
10111 1.0
10111 1.0
00101 1.0
00101 1.0
10111 1.0
00101 1.0
00101 1.0
10111 1.0
1010X 1.0
00101 1.0
10111 0.5
10111 0.5
10111 1.0
10111 1.0
10101 1.0
10111 1.0
00101 0.5
00101 0.5
00111 1.0
00101 1.0
00111 1.0
00101 1.0
10101 1.0
10101 1.0
10101 1.0
00101 1.0
00101 0.5
00101 0.5
10101 1.0
00101 1.0
00101 1.0
00101 1.0
10101 1.0
00100 1.0
00101 1.0
10111 1.0
X0101 1.0
00101 1.0
10111 0.5
10111 0.5
10101 1.0
00101 1.0
10111 1.0
00101 1.0
10101 1.0
10101 1.0
10101 1.0
00101 1.0
10111 1.0
00101 1.0
10101 1.0
00101 1.0
10111 1.0
X0101 1.0
00111 1.0
00101 1.0
10101 1.0
00X01 1.0
00XX1 1.0
10101 1.0
10111 0.5
10111 0.5
10101 1.0
10111 1.0
10101 1.0
10111 1.0
10101 1.0
10101 1.0
00010 0.125
00010 0.125
00000 0.125
00000 0.125
00110 0.125
00100 0.125
00110 0.125
00100 0.125
00101 1.0
00110 1.0
10101 1.0
00111 1.0
00101 1.0
10101 1.0
10101 1.0
00101 1.0
10111 1.0
10101 1.0
10101 1.0
X0X11 1.0
00101 1.0
10X01 1.0
10111 1.0
00101 1.0
10101 1.0
00111 1.0
10101 1.0
00101 1.0
10101 1.0
00110 1.0
10101 1.0
X0101 1.0
10111 1.0
10101 1.0
101X1 1.0
10101 1.0
10101 1.0
10111 1.0
00101 1.0
00101 1.0
10101 1.0
10111 1.0
10101 1.0
10101 1.0
10101 1.0
10101 1.0
10101 1.0
00101 1.0
10X01 1.0
00011 1.0
10101 1.0
10101 1.0
10101 1.0
10111 1.0
00101 1.0
10101 1.0
10101 1.0
10101 1.0
10111 1.0
10111 1.0
10101 1.0
00101 1.0
10101 1.0
X0101 1.0
10111 1.0
00001 1.0
10101 1.0
X0101 1.0
00100 1.0
00111 1.0
00100 1.0
X0101 1.0
X0111 1.0
00111 1.0
10111 1.0
10101 1.0
X0101 1.0
10101 1.0
10111 1.0
10101 1.0
00000 1.0
10111 1.0
10111 1.0
00101 1.0
10111 1.0
X0101 1.0
10101 1.0
X0111 1.0
10111 1.0
10101 1.0
X0111 1.0
10111 1.0
10111 1.0
10101 1.0
10101 1.0
X0101 1.0
X0101 1.0
10101 1.0
10111 1.0
10101 1.0
10100 0.5
10101 0.5
10101 1.0
10101 1.0
101X1 1.0
X0101 1.0
10X01 1.0
00101 1.0
00101 1.0
X0101 1.0
00101 1.0
00111 1.0
00111 1.0
10101 1.0
00111 1.0
101X1 1.0
X0101 1.0
00101 1.0
10101 1.0
X0101 1.0
11101 1.0
10111 1.0
10111 1.0
10111 1.0
X0101 1.0
101X1 1.0
10101 1.0
00101 1.0
00101 1.0
00111 1.0
101X1 1.0
X0101 1.0
10101 1.0
10101 1.0
10101 1.0
00111 1.0
00101 1.0
10101 1.0
101X1 1.0
10101 1.0
X0000 1.0
101X1 1.0
00X0X 1.0
10101 1.0
00001 1.0
101X1 1.0
10X01 0.25
10X01 0.25
10X01 0.25
10X01 0.25
X0X01 1.0
00000 0.5
00000 0.5
10101 1.0
00101 1.0
00101 1.0
00101 1.0
00111 1.0
