455
5
0111X 1.0
110X1 1.0
11011 1.0
11101 0.5
11101 0.5
100X1 0.5
100X1 0.5
11110 0.25
11110 0.25
11111 0.25
11111 0.25
1X0X1 1.0
10111 1.0
10111 1.0
01101 1.0
11111 1.0
011X0 1.0
10111 1.0
1X111 1.0
01111 1.0
01101 1.0
01111 1.0
11101 1.0
11010 1.0
11000 1.0
01101 1.0
0111X 0.5
0111X 0.5
1X111 1.0
11111 1.0
1111X 1.0
00000 1.0
10111 1.0
10101 1.0
11X11 1.0
01011 0.5
11011 0.5
10111 1.0
10111 1.0
11110 1.0
11110 1.0
10111 1.0
11001 1.0
10110 1.0
10111 1.0
0X101 1.0
11111 1.0
1X001 1.0
10111 1.0
1X111 1.0
11111 1.0
11110 1.0
1X011 1.0
11111 1.0
0111X 1.0
10111 1.0
11111 1.0
1X000 1.0
11110 1.0
011XX 0.125
011XX 0.125
011XX 0.125
011XX 0.125
011XX 0.125
011XX 0.125
011XX 0.125
011XX 0.125
11111 1.0
11011 1.0
0X001 1.0
11110 1.0
11011 1.0
11X00 1.0
01011 1.0
1X111 1.0
10111 1.0
11110 1.0
11101 1.0
01111 1.0
1X11X 1.0
11011 1.0
10011 1.0
11101 1.0
10000 1.0
01011 1.0
X101X 1.0
11011 1.0
01011 1.0
10110 1.0
00110 1.0
01010 0.25
01010 0.25
01011 0.25
01011 0.25
111X1 0.25
111X1 0.25
111X1 0.25
111X1 0.25
11111 0.5
11111 0.5
1X101 1.0
1111X 1.0
X1010 1.0
1111X 1.0
01000 1.0
010XX 1.0
X101X 1.0
01010 1.0
0101X 1.0
00010 1.0
0101X 1.0
X1111 1.0
10111 0.25
10111 0.25
10110 0.25
10110 0.25
11011 1.0
0001X 1.0
01X1X 1.0
0111X 1.0
11111 1.0
0101X 1.0
0111X 1.0
11111 1.0
1X010 1.0
01010 1.0
10111 1.0
0101X 1.0
0001X 1.0
1X111 1.0
11111 1.0
11011 1.0
01010 1.0
10110 1.0
01010 0.5
01010 0.5
01010 1.0
0101X 1.0
11111 1.0
0001X 1.0
X101X 1.0
01010 1.0
11010 1.0
11111 1.0
0101X 1.0
00X10 1.0
0101X 1.0
0101X 1.0
0111X 1.0
0101X 1.0
0001X 1.0
11111 1.0
0101X 1.0
00010 1.0
10100 1.0
XX111 1.0
01X10 1.0
01010 1.0
01010 1.0
0111X 1.0
11011 1.0
0101X 1.0
11111 1.0
11X1X 1.0
0101X 1.0
0111X 1.0
0111X 1.0
0101X 1.0
10111 1.0
0101X 1.0
10110 1.0
01010 1.0
01010 1.0
01010 1.0
000X1 1.0
11111 0.5
11111 0.5
0X01X 1.0
01X1X 1.0
0101X 1.0
0101X 1.0
0101X 1.0
11111 1.0
0XX11 1.0
10111 1.0
1X01X 1.0
00X10 1.0
0101X 1.0
01001 1.0
111X1 1.0
11111 1.0
11110 1.0
01111 1.0
0101X 1.0
01010 1.0
0X000 0.5
1X000 0.5
01X1X 0.5
01X1X 0.5
X1111 1.0
10110 1.0
0X000 1.0
11111 1.0
01011 1.0
1X001 1.0
10000 1.0
10100 1.0
X1X11 1.0
11110 1.0
11110 1.0
11000 1.0
1X1XX 1.0
10111 1.0
11110 1.0
10000 1.0
1111X 1.0
10110 1.0
1111X 1.0
11101 1.0
11110 1.0
11000 1.0
11001 1.0
1X001 1.0
01001 1.0
10110 1.0
10111 0.25
11111 0.25
10111 0.25
11111 0.25
11111 1.0
1X111 1.0
01000 1.0
11001 1.0
11110 1.0
11000 1.0
11001 1.0
11011 1.0
11110 1.0
11000 1.0
11111 0.5
01111 0.5
11011 1.0
01011 1.0
11X11 1.0
11111 1.0
11000 0.5
11000 0.5
1000X 1.0
10000 1.0
10100 1.0
11001 1.0
10010 1.0
11111 1.0
1X111 1.0
11100 1.0
11001 0.5
11001 0.5
11011 1.0
11000 1.0
0X00X 1.0
11101 1.0
11011 1.0
11X01 1.0
11001 1.0
10111 1.0
1X1X1 1.0
01001 1.0
11110 0.5
11110 0.5
11111 1.0
11001 1.0
1X11X 1.0
11100 1.0
11110 1.0
01111 1.0
X1X11 1.0
01101 1.0
11110 1.0
11000 1.0
11111 1.0
11101 1.0
10111 1.0
1X0X1 1.0
00000 1.0
11000 1.0
11110 1.0
10000 1.0
0110X 1.0
11110 1.0
11111 0.5
11111 0.5
11111 1.0
11110 1.0
11111 1.0
11110 1.0
11X11 1.0
11111 1.0
11000 0.125
11000 0.125
11000 0.125
11000 0.125
11000 0.125
11000 0.125
11000 0.125
11000 0.125
11001 1.0
10001 1.0
11111 1.0
11101 1.0
1110X 1.0
11011 1.0
11111 1.0
11000 1.0
11010 1.0
11110 1.0
11110 1.0
1X1X1 1.0
11001 1.0
11111 1.0
11111 1.0
11001 1.0
11111 1.0
10001 1.0
10111 1.0
11001 1.0
11111 1.0
10000 1.0
11111 1.0
1X0X1 1.0
10110 1.0
01111 1.0
X1111 1.0
11111 1.0
11111 1.0
1X010 1.0
11X01 1.0
10001 1.0
0111X 1.0
1X110 1.0
10011 1.0
11110 1.0
11111 1.0
11111 1.0
11111 1.0
00100 1.0
01111 1.0
1X000 1.0
11111 1.0
01110 1.0
11110 1.0
11110 1.0
11001 1.0
X111X 1.0
11111 1.0
1111X 1.0
11011 1.0
01X1X 1.0
11111 1.0
11100 1.0
01111 1.0
111X1 1.0
11110 1.0
10001 1.0
11111 1.0
111XX 1.0
11100 1.0
00001 1.0
11100 1.0
111X1 1.0
1X1X1 1.0
11001 1.0
11111 1.0
11111 1.0
0X1X1 1.0
11111 1.0
11111 1.0
11110 1.0
0X000 1.0
0101X 1.0
0101X 1.0
1X101 1.0
00011 1.0
X11XX 1.0
0101X 1.0
1X1X1 1.0
0101X 1.0
0101X 1.0
111X1 1.0
0101X 1.0
11011 1.0
01111 1.0
01011 1.0
111X1 1.0
1X1XX 1.0
1X110 1.0
0X11X 1.0
01111 1.0
1X110 0.5
1X110 0.5
11111 1.0
1111X 1.0
1X011 1.0
111X1 1.0
1111X 1.0
10000 1.0
11000 1.0
110XX 1.0
11001 1.0
10001 1.0
10101 1.0
11111 1.0
01100 1.0
01011 1.0
111X0 1.0
11000 1.0
11011 1.0
0X1X1 1.0
11011 1.0
11110 1.0
1X110 1.0
10111 1.0
110X0 1.0
11011 1.0
11110 1.0
11100 1.0
11100 1.0
11101 1.0
00011 1.0
1X0X0 1.0
11111 1.0
1111X 1.0
01111 1.0
11001 1.0
1010X 1.0
11110 1.0
01111 1.0
11111 1.0
0X0XX 1.0
01X1X 1.0
11001 1.0
11111 1.0
0X00X 1.0
0X010 1.0
11011 0.25
11111 0.25
11011 0.25
11111 0.25
1X0XX 1.0
10000 0.5
10001 0.5
1111X 1.0
01000 1.0
1110X 1.0
11100 1.0
11101 1.0
