455
5
11X11 1.0
110X1 1.0
11101 1.0
11X01 0.5
11X01 0.5
01101 0.5
01111 0.5
11001 0.25
11001 0.25
11001 0.25
11001 0.25
X11X1 1.0
01101 1.0
0X111 1.0
11X11 1.0
111X0 1.0
11111 1.0
0X101 1.0
X1101 1.0
11111 1.0
11X11 1.0
11X1X 1.0
10101 1.0
11101 1.0
10100 1.0
11101 1.0
11111 0.5
11101 0.5
X1101 1.0
111X1 1.0
101X0 1.0
00000 1.0
01101 1.0
00101 1.0
11101 1.0
1X101 0.5
1X101 0.5
01101 1.0
01101 1.0
11101 1.0
11111 1.0
01101 1.0
11101 1.0
01101 1.0
01101 1.0
X1001 1.0
11111 1.0
X1101 1.0
01101 1.0
X11X1 1.0
11101 1.0
111X1 1.0
X1101 1.0
10100 1.0
11101 1.0
00101 1.0
11101 1.0
X1100 1.0
11101 1.0
11111 0.125
11111 0.125
11111 0.125
11111 0.125
11101 0.125
11101 0.125
11101 0.125
11101 0.125
11101 1.0
11101 1.0
X0101 1.0
10101 1.0
11100 1.0
10100 1.0
111X1 1.0
X1101 1.0
01111 1.0
10101 1.0
11101 1.0
11111 1.0
XX1XX 1.0
11101 1.0
01101 1.0
11101 1.0
00101 1.0
111X1 1.0
11111 1.0
11100 1.0
11101 1.0
011X0 1.0
01111 1.0
11100 0.25
11100 0.25
11100 0.25
11100 0.25
11101 0.25
11101 0.25
11101 0.25
11101 0.25
11101 0.5
11101 0.5
X0111 1.0
11100 1.0
11101 1.0
1X100 1.0
11101 1.0
11101 1.0
11111 1.0
111X1 1.0
1X100 1.0
0X1XX 1.0
1X10X 1.0
111X1 1.0
01101 0.25
01101 0.25
01101 0.25
01101 0.25
11101 1.0
01101 1.0
111X1 1.0
11100 1.0
11111 1.0
11100 1.0
1X100 1.0
11101 1.0
X1101 1.0
11111 1.0
0X10X 1.0
11101 1.0
0X100 1.0
X1001 1.0
11001 1.0
11101 1.0
1X11X 1.0
00100 1.0
11101 0.5
11101 0.5
1110X 1.0
10100 1.0
11101 1.0
0110X 1.0
11101 1.0
11100 1.0
1X101 1.0
11101 1.0
11111 1.0
0110X 1.0
11101 1.0
10100 1.0
11111 1.0
11111 1.0
01101 1.0
11101 1.0
11100 1.0
01111 1.0
01101 1.0
X1111 1.0
11111 1.0
11101 1.0
11101 1.0
11101 1.0
101X1 1.0
1X100 1.0
10101 1.0
1110X 1.0
1010X 1.0
1X101 1.0
11101 1.0
10100 1.0
01101 1.0
111X1 1.0
001X0 1.0
11101 1.0
11111 1.0
1X100 1.0
00100 1.0
1111X 0.5
1111X 0.5
X1101 1.0
1111X 1.0
1111X 1.0
1110X 1.0
10100 1.0
11101 1.0
X11X1 1.0
00000 1.0
X1101 1.0
01101 1.0
1110X 1.0
11111 1.0
110X1 1.0
1111X 1.0
11100 1.0
111X1 1.0
1X110 1.0
10100 1.0
X0100 0.5
X0100 0.5
11100 0.5
11100 0.5
10100 1.0
00X00 1.0
X1101 1.0
11101 1.0
11101 1.0
XX101 1.0
00X00 1.0
00100 1.0
1011X 1.0
11101 1.0
11101 1.0
10101 1.0
X1101 1.0
00100 1.0
10000 1.0
01101 1.0
1111X 1.0
01101 1.0
11101 1.0
11101 1.0
11101 1.0
11101 1.0
1110X 1.0
X0101 1.0
10101 1.0
00100 1.0
01100 0.25
11100 0.25
01100 0.25
11100 0.25
11101 1.0
X1101 1.0
10100 1.0
11101 1.0
10100 1.0
11101 1.0
11101 1.0
10110 1.0
11101 1.0
11101 1.0
11111 0.5
11111 0.5
11101 1.0
11101 1.0
111X1 1.0
11101 1.0
11101 0.5
11101 0.5
00100 1.0
01101 1.0
01101 1.0
1X10X 1.0
01100 1.0
11101 1.0
X110X 1.0
11101 1.0
11101 0.5
11101 0.5
11101 1.0
10101 1.0
XX101 1.0
11101 1.0
11101 1.0
10100 1.0
11101 1.0
01101 1.0
X1101 1.0
11101 1.0
10101 0.5
10100 0.5
11101 1.0
11101 1.0
X1101 1.0
11101 1.0
11111 1.0
11100 1.0
10100 1.0
1X111 1.0
111X1 1.0
11101 1.0
11101 1.0
11101 1.0
01101 1.0
X11X1 1.0
00100 1.0
11101 1.0
10101 1.0
01X01 1.0
11X11 1.0
11101 1.0
11101 0.5
11101 0.5
11101 1.0
11100 1.0
11101 1.0
10100 1.0
11101 1.0
11101 1.0
10000 0.125
10000 0.125
10000 0.125
10000 0.125
10100 0.125
10100 0.125
10100 0.125
10100 0.125
11101 1.0
00100 1.0
11101 1.0
10101 1.0
11101 1.0
11101 1.0
11101 1.0
11101 1.0
11101 1.0
11101 1.0
10101 1.0
X0XX1 1.0
10100 1.0
11XX1 1.0
11101 1.0
11101 1.0
11100 1.0
00100 1.0
01101 1.0
11101 1.0
11101 1.0
00100 1.0
11111 1.0
X1101 1.0
00101 1.0
11111 1.0
11101 1.0
11101 1.0
11101 1.0
X0100 1.0
11101 1.0
01101 1.0
1110X 1.0
X11X1 1.0
0X101 1.0
11101 1.0
11101 1.0
11101 1.0
11101 1.0
01101 1.0
11X11 1.0
X00X0 1.0
11101 1.0
11101 1.0
11101 1.0
11101 1.0
11101 1.0
1X11X 1.0
1X100 1.0
11101 1.0
1X100 1.0
1X10X 1.0
11101 1.0
11101 1.0
11111 1.0
10110 1.0
10100 1.0
01001 1.0
11101 1.0
111X1 1.0
10100 1.0
01100 1.0
10100 1.0
11101 1.0
X11X1 1.0
11101 1.0
11111 1.0
11111 1.0
X1111 1.0
111X1 1.0
11111 1.0
11101 1.0
X0000 1.0
101XX 1.0
111X1 1.0
X1101 1.0
01101 1.0
111X1 1.0
10100 1.0
X1101 1.0
11111 1.0
1010X 1.0
11101 1.0
1111X 1.0
11101 1.0
11101 1.0
11101 1.0
11101 1.0
X11X1 1.0
XX100 1.0
X1101 1.0
111X1 1.0
XX100 0.5
XX100 0.5
11101 1.0
11101 1.0
XX10X 1.0
10111 1.0
1XX1X 1.0
00100 1.0
11101 1.0
11101 1.0
11101 1.0
0X100 1.0
00100 1.0
11101 1.0
11101 1.0
1X111 1.0
11101 1.0
11101 1.0
10101 1.0
X11X1 1.0
11101 1.0
11101 1.0
X1101 1.0
01101 1.0
1X101 1.0
1110X 1.0
11101 1.0
11101 1.0
1X10X 1.0
11111 1.0
01111 1.0
X0100 1.0
11110 1.0
111XX 1.0
11111 1.0
10101 1.0
00100 1.0
11101 1.0
1111X 1.0
11101 1.0
XX000 1.0
11101 1.0
10X00 1.0
11111 1.0
X000X 1.0
XX1X0 1.0
11X01 0.25
11X01 0.25
11X01 0.25
11X01 0.25
X0X0X 1.0
00000 0.5
00000 0.5
10100 1.0
11101 1.0
11100 1.0
11101 1.0
11101 1.0
