429
10
X110111101 1.0
0110X11000 1.0
1110011000 1.0
X1X0011001 1.0
1110001001 0.5
1110101001 0.5
0111011000 0.5
0111011001 0.5
1110XX100X 1.0
1111001001 1.0
1110101XX1 1.0
X1X0111001 1.0
1111X100X1 1.0
111011100X 1.0
1111001001 1.0
11X00X1001 1.0
1110111001 1.0
X1X0111001 1.0
X11011XX01 1.0
1110011001 1.0
1110011001 1.0
1110010000 1.0
1110011XX1 1.0
111001110X 0.5
111011110X 0.5
11100X1001 1.0
1111X11001 1.0
1111X10001 1.0
0000000000 1.0
1111001000 1.0
1111001001 1.0
1110011001 1.0
1110011001 1.0
1111001001 1.0
1111001000 1.0
1111011000 1.0
1110111001 1.0
1111001001 1.0
1110011001 1.0
1111001000 1.0
1111001001 1.0
01100X1001 1.0
1110111001 1.0
11110X1000 1.0
1111001001 1.0
1111XX1001 1.0
1110011001 1.0
1111X11XX0 1.0
11100X1001 1.0
1011010001 1.0
1110011X01 1.0
1111001001 1.0
1110011001 1.0
11100X000X 1.0
1111011000 1.0
1110011001 0.5
1110111001 0.5
1110011001 1.0
1110011000 1.0
11110X1001 1.0
1110011001 1.0
1110010001 1.0
1X10010001 1.0
1110X11001 1.0
11110X100X 1.0
1111101001 1.0
1110011001 1.0
1110011001 1.0
1110111001 1.0
1111XXX010 1.0
1111011001 1.0
1111001001 1.0
1110011001 1.0
1111001000 1.0
1111X11001 1.0
111011100X 1.0
1111010001 1.0
111X01100X 1.0
1111X000X0 1.0
1111101000 1.0
1111010XX0 0.5
1111010XX1 0.5
1001011001 0.25
1011011001 0.25
1101011001 0.25
1111011001 0.25
1111011000 1.0
11101X1001 1.0
1111010001 1.0
111001100X 1.0
1111010001 1.0
1110011001 1.0
1110011001 1.0
111011100X 1.0
1110X1100X 1.0
111101000X 1.0
1111X0X001 1.0
111001X00X 1.0
1110X1100X 1.0
111X001000 0.5
111X001001 0.5
1110011001 1.0
111000100X 1.0
1110X11000 1.0
1110010001 1.0
1111111001 1.0
1111010001 1.0
1110010001 1.0
1110011001 1.0
11110X1000 1.0
1110111000 1.0
111100X001 1.0
1110011000 1.0
111000000X 1.0
01110X1011 1.0
0110011001 1.0
1111011001 1.0
111011X000 1.0
1111000000 1.0
1100011000 0.5
1110011000 0.5
111001X000 1.0
1111010000 1.0
1110011001 1.0
110000X000 1.0
111001100X 1.0
1110010001 1.0
1110011001 1.0
1110011001 1.0
111011100X 1.0
111000X000 1.0
1111011001 1.0
1111010000 1.0
1110111001 1.0
111011100X 1.0
1110001000 1.0
111001100X 1.0
1110010001 1.0
1111101001 1.0
1111001000 1.0
11101X1001 1.0
1111111001 1.0
1111011001 1.0
111X011001 1.0
111101100X 1.0
1110X11001 1.0
111X01000X 1.0
1110011001 1.0
111001X00X 1.0
111001X001 1.0
111001100X 1.0
111001100X 1.0
111101000X 1.0
1111001001 1.0
1111X1100X 1.0
1111X00000 1.0
1110011000 1.0
1110111001 1.0
111001000X 1.0
11110000X1 1.0
101111X001 0.5
111111X001 0.5
11XX0X100X 1.0
111011XX01 1.0
111111X00X 1.0
111101X001 1.0
11XX010001 1.0
1110011001 1.0
1110XX1001 1.0
0011000001 1.0
11110X1001 1.0
111000100X 1.0
111001X001 1.0
1111111001 1.0
0101X11001 1.0
111111X000 1.0
1110010000 1.0
1110X11001 1.0
1111110000 1.0
1110010000 1.0
10100X0000 1.0
1110010000 1.0
1111010001 1.0
X1X0000000 1.0
11100X1000 1.0
1110011001 1.0
1110011001 1.0
11110X1001 1.0
X1X0000000 1.0
1010000000 1.0
111X11X001 1.0
1110011000 1.0
1111011001 1.0
1110011001 1.0
11100X1001 1.0
111100000X 1.0
0100010001 1.0
1110001001 1.0
111111XX01 1.0
1111001001 1.0
1111011X0X 1.0
1111011101 1.0
1110011001 1.0
1110011000 1.0
111001X001 1.0
11100X1001 1.0
1111011001 1.0
1111000000 1.0
1111000001 0.5
1111010001 0.5
1111011001 1.0
11110X1001 1.0
1110010000 1.0
1110011001 1.0
1111010000 1.0
1110011000 1.0
1110011001 1.0
111111000X 1.0
1X10011001 1.0
1110011001 1.0
1111111001 1.0
1111011001 1.0
1111011001 1.0
1110X11001 1.0
1111011001 1.0
1100011000 0.5
1110011000 0.5
1111000001 1.0
1110001000 1.0
1111001001 1.0
111001X001 1.0
1110000000 1.0
1110011001 1.0
11100XX001 1.0
1110011001 1.0
1110011000 1.0
1110011001 1.0
1110011001 1.0
11X00X1001 1.0
1110011000 1.0
1110011001 1.0
1010010001 1.0
1110011001 1.0
1111001001 1.0
11100X100X 1.0
1110011001 1.0
1101010000 0.5
1101011000 0.5
1110011001 1.0
1110011011 1.0
11110X1001 1.0
1110011001 1.0
1110111001 1.0
1110010001 1.0
1110010001 1.0
1110111001 1.0
1111X11001 1.0
1110011000 1.0
1110011001 1.0
1110011001 1.0
1111001001 1.0
1110XX1001 1.0
1111000000 1.0
1110011000 1.0
1110011001 1.0
X110001000 1.0
X11X111001 1.0
1110011001 1.0
1111011001 1.0
1110011000 1.0
1111010000 1.0
1110011001 1.0
1111010000 1.0
1110011001 1.0
1110011001 1.0
0000010000 0.125
0001010000 0.125
0010010000 0.125
0011010000 0.125
1000010000 0.125
1001010000 0.125
1010010000 0.125
1011010000 0.125
1110011001 1.0
1011000001 1.0
1110011001 1.0
1111011001 1.0
1110011001 1.0
1110011001 1.0
1110011001 1.0
1110011000 1.0
1111011001 1.0
1110011001 1.0
1110011001 1.0
X111XX1001 1.0
1100010001 1.0
X100X11001 1.0
1111011001 1.0
1110011001 1.0
1110010001 1.0
1111000000 1.0
1110001001 1.0
1110011001 1.0
1110011001 1.0
1011000000 1.0
1110111001 1.0
11100X1001 1.0
1111001000 1.0
1110111001 1.0
111X011001 1.0
1110011001 1.0
1110011001 1.0
11110X0000 1.0
1110011001 1.0
1110001001 1.0
111001X001 1.0
1111XX1001 1.0
1110001001 1.0
1110011000 1.0
1110011001 1.0
1110011001 1.0
1110011001 1.0
1110001000 1.0
X110111001 1.0
0111XX0000 1.0
111001100X 1.0
1110011000 1.0
1110011001 1.0
1111011000 1.0
1110011000 1.0
111011X001 1.0
1110010001 1.0
1110011001 1.0
1111010001 1.0
111101X001 1.0
1110011001 1.0
1110011001 1.0
1110111001 1.0
1110110000 1.0
1111010001 1.0
0100001001 1.0
1110011001 1.0
1110X11001 1.0
1010010000 1.0
1111000000 1.0
1010010000 1.0
1110011001 1.0
1111XX1001 1.0
1111011001 1.0
1111111011 1.0
1110111000 1.0
11101X1001 1.0
1110X110X1 1.0
1111111001 1.0
1110011001 1.0
00000X0000 1.0
1111X1XXX1 1.0
1111X11001 1.0
11100X1001 1.0
111100100X 1.0
1110X11X01 1.0
111001000X 1.0
11110X1001 1.0
1111111101 1.0
111001X001 1.0
1111011001 1.0
111111X001 1.0
1111011001 1.0
1110011001 1.0
1110011001 1.0
1110011001 1.0
1110XX1001 1.0
11100X0001 1.0
11110X100X 1.0
1110X11101 1.0
10100X0000 0.5
11100X0000 0.5
1110011001 1.0
1110011001 1.0
111X0XX000 1.0
1110111001 1.0
X1X011X001 1.0
1110000000 1.0
1110011001 1.0
1110011001 1.0
1110011001 1.0
1111000001 1.0
1111000001 1.0
1110011001 1.0
1111011000 1.0
111X111001 1.0
1110011000 1.0
1110011000 1.0
1110011001 1.0
1110XX1001 1.0
1110011001 1.0
1111011000 1.0
11110X1001 1.0
1101001001 1.0
1110011010 1.0
111X01X001 1.0
1110011000 1.0
1110011001 1.0
111001X001 1.0
1111111001 1.0
111X1011X1 1.0
11X00X0000 1.0
1110110001 1.0
1110X1X011 1.0
1110111101 1.0
1101011001 1.0
1110000001 1.0
1110011000 1.0
111X11X001 1.0
1110011011 1.0
00100X000X 1.0
111X011001 1.0
XX10010001 1.0
11101111X1 1.0
01100XX001 1.0
111XXX0001 1.0
X110011001 1.0
X1100XX001 1.0
0000000000 1.0
1110010001 1.0
1110011000 1.0
111001000X 1.0
1110011001 1.0
1111011001 1.0
