431
10
X111110011 1.0
0XX1110000 1.0
1001110000 1.0
X00X110010 0.5
X00X110011 0.5
1001110010 0.5
1101110010 0.5
0011110001 0.5
0011110011 0.5
1X011100X0 1.0
1011110010 1.0
111111XX10 1.0
X11X110010 1.0
1X11100X10 1.0
11111100XX 1.0
1001110010 1.0
101X110011 1.0
1111110010 1.0
X11X110010 1.0
X1111X0010 1.0
1011110010 1.0
1001110010 1.0
1011100000 1.0
101111XX10 1.0
101111X0X1 0.5
111111X0X1 0.5
1011110010 1.0
1X11110010 1.0
1X01100010 1.0
0000000000 1.0
1001110001 1.0
1001110010 1.0
1001110010 1.0
1011110010 1.0
1011110010 1.0
1001110001 1.0
1001110001 1.0
1101110010 1.0
1011110010 1.0
1011110010 1.0
1011110000 1.0
1001110010 1.0
0011110010 1.0
1111110011 1.0
1011110000 1.0
1011110010 1.0
1X01110010 1.0
1001110010 1.0
1X11110X01 1.0
10X1110010 1.0
1001000010 1.0
1011110011 1.0
1001110010 1.0
1011110011 1.0
10011000X0 1.0
1011110000 1.0
1011110011 0.25
1011111011 0.25
1111110011 0.25
1111111011 0.25
1001110010 1.0
1001110000 1.0
1001110010 1.0
1001110010 1.0
1011100010 1.0
1011X00010 1.0
1X11110010 1.0
10011100X0 1.0
1111110011 1.0
1001110010 1.0
1001110011 1.0
1111110011 1.0
1X111X0100 1.0
1011110011 1.0
1001110010 1.0
1001110011 1.0
1001110000 1.0
1X0111X010 1.0
110111X0XX 1.0
1011100010 1.0
10011100XX 1.0
1X1110XX00 1.0
1101110000 1.0
100110XX00 0.5
100110XX10 0.5
1010010010 0.25
1010110010 0.25
1011010010 0.25
1011110010 0.25
1001110000 0.5
1011110000 0.5
1101110010 1.0
101110X010 1.0
10111100XX 1.0
100110X010 1.0
1001110010 1.0
101111X010 1.0
11111100X0 1.0
1X011100X0 1.0
10011000XX 1.0
1X011X0010 1.0
10011X00XX 1.0
1X011100XX 1.0
1001110000 0.5
1001110010 0.5
1011110011 1.0
100111X0XX 1.0
1X01110000 1.0
1011100010 1.0
1101110010 1.0
10X110001X 1.0
101110X010 1.0
1011110010 1.0
1001110000 1.0
1111110000 1.0
10111X0010 1.0
1001110000 1.0
10111000XX 1.0
0011110111 1.0
0001110010 1.0
1001110011 1.0
11011X000X 1.0
1011100000 1.0
1000110000 0.5
1001110000 0.5
10111X000X 1.0
100110000X 1.0
1011110010 1.0
10001X000X 1.0
10011100XX 1.0
101110001X 1.0
101111X01X 1.0
1011110010 1.0
11011100XX 1.0
10111X000X 1.0
101111001X 1.0
1011100000 1.0
1111110010 1.0
11111100XX 1.0
101111000X 1.0
10111100X0 1.0
10X1100010 1.0
1111110010 1.0
1001110000 1.0
1111110011 1.0
1111110010 1.0
101111001X 1.0
1011110010 1.0
10111100X0 1.0
1X01110010 1.0
10111000X0 1.0
1001110010 1.0
10111X00XX 1.0
10111X001X 1.0
10111100X0 1.0
10111100XX 1.0
10111000XX 1.0
1011110011 1.0
1X111100XX 1.0
1X11100000 1.0
101111000X 1.0
111111001X 1.0
10X11000XX 1.0
1001100X11 1.0
11010X0011 0.5
11011X0011 0.5
101X1100X0 1.0
11111X001X 1.0
11111X00XX 1.0
10111X001X 1.0
101X10001X 1.0
1011110011 1.0
1X11110010 1.0
0001000011 1.0
101111001X 1.0
10111100X0 1.0
10111X001X 1.0
1101110010 1.0
0X10110011 1.0
11011X0001 1.0
1001100001 1.0
1X1111001X 1.0
111110000X 1.0
101110000X 1.0
1001000000 1.0
101110000X 1.0
1011100010 1.0
X00X100000 1.0
1001110001 1.0
1011110011 1.0
101111001X 1.0
1001110010 1.0
X00X100000 1.0
10X1000000 1.0
11111X0010 1.0
1011110000 1.0
1011110011 1.0
1001110010 1.0
1011110010 1.0
10111000X0 1.0
0010100010 1.0
1001110010 1.0
11111X0010 1.0
1001110011 1.0
10111100X1 1.0
1011110011 1.0
1011110010 1.0
1001110000 1.0
10011X0010 1.0
1001110010 1.0
1001110010 1.0
1001100000 1.0
1001100011 1.0
1011110011 1.0
1001110011 1.0
1001100000 1.0
1001110010 1.0
1001100000 1.0
1001110000 1.0
1001110010 1.0
11011000X0 1.0
1001X10010 1.0
1011110010 1.0
1101110011 1.0
1001110010 1.0
1001110010 1.0
1X11110010 1.0
1001110010 1.0
1000110000 0.5
1001110000 0.5
1001100010 1.0
1011110000 1.0
1011110010 1.0
10011X0010 1.0
1001100000 1.0
1011110010 1.0
10111X0010 1.0
10X1110010 1.0
1001110000 0.5
1011110000 0.5
1011110010 1.0
1001110010 1.0
101X110010 1.0
1011110000 1.0
1011110011 1.0
1011000011 1.0
1011110011 1.0
1011110011 1.0
10011100X0 1.0
1001110010 1.0
1010100000 0.5
1010110000 0.5
1011110010 1.0
1001110110 1.0
1001110011 1.0
1001110010 1.0
1111110010 1.0
1011100011 1.0
1011100010 1.0
1111110011 1.0
1X11110010 1.0
1001110000 1.0
1011110010 1.0
1011110011 1.0
1011110010 1.0
1X01110010 1.0
1001100000 1.0
1001110000 1.0
1011110011 1.0
X001110000 1.0
X111110010 1.0
1001110010 1.0
1011110010 0.5
1011110011 0.5
1011110000 1.0
1011100001 1.0
1011110010 1.0
1011100000 1.0
1011110010 1.0
1011110010 1.0
0000000000 0.25
0001000000 0.25
1000000000 0.25
1001000000 0.25
1001110010 1.0
1001000010 1.0
1011110011 1.0
1011110010 1.0
1011110011 1.0
1011110011 1.0
1011110010 1.0
1001110000 1.0
1011110010 1.0
1001110010 1.0
1011110010 1.0
XX11110010 1.0
1000100010 1.0
XX10110011 1.0
1001110010 1.0
1011110010 1.0
1011100011 1.0
1001100000 1.0
1011110011 1.0
1001110010 1.0
1001110010 1.0
1001000000 1.0
1111110010 1.0
1011110010 1.0
1001110001 1.0
1111110011 1.0
1011110010 1.0
1011110011 1.0
1011110011 1.0
1001100000 1.0
1011110011 1.0
1001110010 1.0
10X11X001X 1.0
1X11110010 1.0
1001110011 1.0
1011110001 1.0
1001110010 1.0
1001110011 1.0
1011110011 1.0
1011110000 1.0
X111110011 1.0
0X01100000 1.0
10111100X1 1.0
1001110000 1.0
1011110010 1.0
1011110001 1.0
1011110000 1.0
11111X001X 1.0
1011100011 1.0
1011110011 1.0
1011100010 1.0
10X11X0010 1.0
1011110011 1.0
1001110010 1.0
1111110010 1.0
1111100001 1.0
1011100010 1.0
0010110010 1.0
1011110010 1.0
1X11110011 1.0
1011000001 1.0
1001100000 1.0
1011000000 1.0
1011110011 1.0
1X11110010 1.0
1001110010 1.0
1101110111 1.0
1111110000 1.0
1111110011 1.0
1X11110X11 1.0
1111110011 1.0
101111001X 1.0
0010000001 1.0
1X111X0X11 1.0
1X11110010 1.0
1011110010 1.0
10111100X0 1.0
1X11110010 1.0
10111000X0 1.0
1011110011 1.0
1111110010 1.0
10111X0010 1.0
1001110011 1.0
11111X001X 1.0
1011110010 1.0
1011110010 1.0
1011110010 1.0
1011110011 1.0
1X11110010 1.0
1011100011 1.0
10111100X1 1.0
1X1111001X 1.0
1011000001 0.5
1011100001 0.5
1011110010 1.0
1001110010 1.0
10011X0000 1.0
1101110010 1.0
X11X1X0010 1.0
1001100000 1.0
1001110010 1.0
10X1110010 1.0
1001110010 1.0
1001100010 1.0
1001100010 1.0
1001110010 1.0
1011110000 1.0
1111110010 1.0
1011110000 1.0
1001110000 1.0
1001110010 1.0
1X11110010 1.0
1001111010 1.0
1011110000 1.0
1011110010 1.0
1000110010 1.0
1001110100 1.0
10111X0010 1.0
1011110000 1.0
1011110010 1.0
10011X0010 1.0
1101110010 1.0
1111110X10 1.0
100X100000 1.0
1111100011 1.0
1X111X0110 1.0
1111110011 1.0
1000110010 1.0
1011100010 1.0
1011110001 1.0
11111X0010 1.0
1011110110 1.0
00010000X0 1.0
1011110010 1.0
X011X00010 1.0
1111110X11 1.0
00111X0010 1.0
1X11100010 1.0
X001110010 0.5
X011110010 0.5
X0111X0010 1.0
0000000000 1.0
1011100010 1.0
10X1110000 1.0
10111000XX 1.0
1011110010 1.0
1001110011 1.0
