417
5
11111 1.0
001X0 1.0
00100 1.0
10X00 1.0
00100 0.5
00110 0.5
10100 1.0
001X0 1.0
10100 1.0
1X11X 1.0
10X10 1.0
101X1 1.0
1011X 1.0
10100 1.0
10X00 1.0
10110 1.0
10X10 1.0
1X111 1.0
10100 1.0
00100 1.0
00100 1.0
1X10X 1.0
11101 0.5
11111 0.5
10100 1.0
101X0 1.0
101X0 1.0
00000 1.0
10100 1.0
10100 1.0
X0100 1.0
00100 1.0
10100 1.0
10100 1.0
10100 1.0
10110 1.0
10100 1.0
00100 1.0
10100 1.0
10100 1.0
10100 1.0
10110 1.0
00100 1.0
10100 1.0
101X0 1.0
10100 1.0
1X1X0 1.0
00100 1.0
10100 1.0
1X100 1.0
10100 1.0
10100 1.0
00100 1.0
10100 1.0
10100 0.25
10101 0.25
10110 0.25
10111 0.25
10100 1.0
00100 1.0
00100 1.0
10100 1.0
00100 1.0
X0100 1.0
001X0 1.0
10100 1.0
10110 1.0
10100 1.0
10100 1.0
10110 1.0
101X0 1.0
00100 1.0
00100 1.0
10100 1.0
00100 1.0
001X0 1.0
00110 1.0
00100 1.0
00100 1.0
101X0 1.0
10110 1.0
0X10X 1.0
10000 0.5
10100 0.5
10100 1.0
10110 1.0
10100 1.0
00100 1.0
10100 1.0
00100 1.0
00100 1.0
00111 1.0
001X0 1.0
00100 1.0
001X0 1.0
00100 1.0
101X0 1.0
10100 1.0
00100 1.0
00100 1.0
X01X0 1.0
10100 1.0
10110 1.0
00100 1.0
10100 1.0
10100 1.0
00100 1.0
00110 1.0
10100 1.0
00100 1.0
00100 1.0
10100 1.0
10100 1.0
00100 1.0
00110 1.0
10100 1.0
00000 0.5
00100 0.5
00100 1.0
00100 1.0
10100 1.0
00000 1.0
00100 1.0
00100 1.0
00100 1.0
10100 1.0
00110 1.0
X0100 1.0
00100 1.0
00100 1.0
10111 1.0
00110 1.0
00100 1.0
10100 1.0
00100 1.0
00110 1.0
10100 1.0
10110 1.0
X0110 1.0
00101 1.0
00100 1.0
10100 1.0
001X0 1.0
00100 1.0
10100 1.0
X0100 1.0
00100 1.0
10100 1.0
10100 1.0
00100 1.0
10100 1.0
001X0 1.0
101X0 1.0
00100 1.0
00110 1.0
00100 1.0
00100 1.0
10110 1.0
00X00 1.0
XX111 1.0
00110 1.0
00100 1.0
00X00 1.0
10100 1.0
X01X0 1.0
10100 1.0
00100 1.0
X0100 1.0
00100 1.0
00110 1.0
100X0 1.0
10110 1.0
10100 1.0
101X0 1.0
00110 1.0
00100 1.0
00100 1.0
X0100 1.0
10100 1.0
10X00 1.0
00100 1.0
10100 1.0
00100 1.0
00100 1.0
00X00 1.0
10100 1.0
X0110 1.0
10100 1.0
10100 1.0
00100 1.0
10100 1.0
10100 1.0
10000 1.0
00100 1.0
1X11X 1.0
10100 1.0
1X10X 1.0
11101 1.0
10100 1.0
00100 1.0
00100 1.0
00100 1.0
00100 1.0
10100 1.0
10100 1.0
10100 1.0
10100 1.0
00100 1.0
00100 1.0
10100 1.0
00100 1.0
00100 1.0
00110 1.0
10100 1.0
00100 1.0
10110 1.0
00100 1.0
00100 1.0
X01X0 1.0
10100 1.0
00000 0.5
00100 0.5
00100 1.0
00100 1.0
10100 1.0
00100 1.0
00100 1.0
10100 1.0
10100 1.0
10100 1.0
00100 1.0
00100 1.0
00100 1.0
00X00 1.0
10100 1.0
00100 1.0
X0100 1.0
00100 1.0
10100 1.0
10100 1.0
00100 1.0
10000 1.0
10100 1.0
00100 1.0
10100 1.0
10100 1.0
10110 1.0
10100 1.0
X0100 1.0
10110 1.0
101X0 1.0
00100 1.0
10100 1.0
10100 1.0
10100 1.0
001X0 1.0
00100 1.0
00100 1.0
10100 1.0
00100 1.0
10110 1.0
10100 1.0
10100 1.0
10100 1.0
10100 1.0
10100 1.0
10100 1.0
X0100 1.0
10100 1.0
00000 0.5
00100 0.5
00100 1.0
00100 1.0
10100 1.0
10100 1.0
10100 1.0
00100 1.0
10100 1.0
00100 1.0
00100 1.0
10100 1.0
10100 1.0
101X0 1.0
00000 1.0
100X0 1.0
10100 1.0
00100 1.0
10100 1.0
00100 1.0
10100 1.0
00100 1.0
10100 1.0
00100 1.0
10110 1.0
00100 1.0
10100 1.0
10111 1.0
10100 1.0
10100 1.0
10100 1.0
00100 1.0
X0100 1.0
00100 1.0
10100 1.0
101X0 1.0
00100 1.0
10100 1.0
10100 1.0
10100 1.0
10100 1.0
10100 1.0
10110 1.0
001X0 1.0
10100 1.0
10100 1.0
10100 1.0
10100 1.0
00100 1.0
10110 1.0
10100 1.0
10100 1.0
00100 1.0
X0100 1.0
10100 1.0
10100 1.0
10110 1.0
10110 1.0
10100 1.0
00000 1.0
10100 1.0
101X0 1.0
10100 1.0
00100 1.0
10100 1.0
10100 1.0
101X0 1.0
00100 1.0
10110 1.0
10110 1.0
10110 1.0
101X0 1.0
10110 1.0
10100 1.0
00000 1.0
0X1X0 1.0
001X0 1.0
10100 1.0
00100 1.0
1X1X0 1.0
00100 1.0
10100 1.0
01111 1.0
00100 1.0
10100 1.0
00110 1.0
00100 1.0
10100 1.0
00100 1.0
10100 1.0
101X0 1.0
10100 1.0
10100 1.0
111X0 1.0
10100 1.0
10100 1.0
10100 1.0
00100 1.0
10110 1.0
10X11 1.0
00100 1.0
00100 1.0
00100 1.0
00100 1.0
00100 1.0
10100 1.0
10100 1.0
10100 1.0
00110 1.0
10100 1.0
00100 1.0
00100 1.0
101X0 1.0
00100 1.0
10100 1.0
10100 1.0
10000 1.0
00100 1.0
00100 1.0
10100 1.0
10100 1.0
10100 1.0
10110 1.0
01111 1.0
00X00 1.0
10110 1.0
101X1 1.0
11111 1.0
00000 1.0
10100 1.0
10100 1.0
10111 1.0
10100 1.0
00100 1.0
X0100 1.0
00100 1.0
11111 1.0
00100 1.0
001X0 1.0
00100 0.5
10100 0.5
00100 1.0
00000 1.0
10100 1.0
00100 1.0
10100 1.0
10100 1.0
10100 1.0
