426
10
X111111101 1.0
0XX0XX1000 1.0
1000101000 1.0
X0010X1001 1.0
1000XX1001 0.5
1100XX1001 0.5
0011101000 0.5
0011101001 0.5
1X00XX100X 1.0
1011101001 1.0
1111111XX1 1.0
X111011001 1.0
1X111111X1 1.0
1111X11X0X 1.0
1001101001 1.0
10111X1001 1.0
1111111001 1.0
X111011001 1.0
X111111101 1.0
1011001001 1.0
1000111001 1.0
1010001000 1.0
1011011XX1 1.0
101111110X 0.5
111111110X 0.5
1011111001 1.0
1X11111001 1.0
1X011X1001 1.0
0000000000 1.0
1001101000 1.0
1001001001 1.0
100X101001 1.0
1010111001 1.0
1011101001 1.0
1001101000 1.0
1001111000 1.0
1101111001 1.0
1011101001 1.0
1010001001 1.0
1011101000 1.0
1001101001 1.0
0011011001 1.0
11111X1001 1.0
1010001000 1.0
1011101001 1.0
1X011X1001 1.0
1001101001 1.0
1X111010X0 1.0
10X01X1001 1.0
1001100001 1.0
1011111001 1.0
1001111001 1.0
1011111001 1.0
10000X100X 1.0
1011101000 1.0
1011X11001 0.25
1011X11101 0.25
1111X11001 0.25
1111X11101 0.25
1001101001 1.0
1000101000 1.0
1000011001 1.0
1001101001 1.0
1010101001 1.0
101X00X001 1.0
1X10111001 1.0
10011X100X 1.0
1111111001 1.0
1001101001 1.0
1001001001 1.0
1111111001 1.0
1X11101010 1.0
1010101001 1.0
1000101001 1.0
1001001001 1.0
1000001000 1.0
1X001X1001 1.0
110011100X 1.0
1010101001 1.0
10001X100X 1.0
1X111X10X0 1.0
11011X1000 1.0
1000111XX0 0.5
1000111XX1 0.5
1011XX0001 0.5
1011XX1001 0.5
1001111000 0.5
1011111000 0.5
1101011001 1.0
10111X1001 1.0
101010100X 1.0
1001111001 1.0
10000X1001 1.0
1010X01001 1.0
111011110X 1.0
1X0011100X 1.0
100011100X 1.0
1X00111001 1.0
100011100X 1.0
1X0111100X 1.0
1001101000 0.5
1001101001 0.5
1010101001 1.0
100011100X 1.0
1X0X111000 1.0
1011101001 1.0
1101101001 1.0
10X0101001 1.0
1011111001 1.0
1011111001 1.0
1000101000 1.0
11101X1000 1.0
1011101001 1.0
1000101000 1.0
101011100X 1.0
0011111011 1.0
0001101001 1.0
1000111001 1.0
1100111000 1.0
1011101000 1.0
10001X1000 1.0
1010111000 1.0
1000111000 1.0
1011101001 1.0
1000111000 1.0
100011100X 1.0
1010111001 1.0
1010111001 1.0
1011101001 1.0
110011100X 1.0
101X101000 1.0
1010111001 1.0
10101X1000 1.0
1111111101 1.0
111010100X 1.0
1010101000 1.0
10111X100X 1.0
10X0111001 1.0
1110101001 1.0
1001001000 1.0
1111111001 1.0
111X111001 1.0
1010111101 1.0
1010111001 1.0
101111100X 1.0
1X00101001 1.0
101010100X 1.0
1001111001 1.0
101X10100X 1.0
1010111001 1.0
101110100X 1.0
101111100X 1.0
101011100X 1.0
1011101001 1.0
1X101X100X 1.0
1X11101000 1.0
1010111000 1.0
1110111001 1.0
10X011100X 1.0
1000X010X1 1.0
1101110001 0.5
1101111001 0.5
101011100X 1.0
111X111101 1.0
111011100X 1.0
1010111001 1.0
1010101001 1.0
1011111001 1.0
1X1X1X1001 1.0
0001100001 1.0
10101X1001 1.0
101X11100X 1.0
1010111001 1.0
1100011001 1.0
0X11X01001 1.0
1101111000 1.0
1001101000 1.0
1X111X1001 1.0
1110111000 1.0
1010101000 1.0
1000000000 1.0
101X101000 0.5
101X111000 0.5
10111X1001 1.0
X001101000 1.0
10000X1000 1.0
1011111001 1.0
1010111001 1.0
10000X1001 1.0
X000001000 1.0
10X1000000 1.0
111X111001 1.0
1011101000 1.0
1011111001 1.0
1000001001 1.0
1011XX1001 1.0
101110100X 1.0
0011111001 1.0
1000001001 1.0
1111111X01 1.0
1001101001 1.0
1011111X0X 1.0
1011011101 1.0
1011101001 1.0
1000001000 1.0
10000X1001 1.0
1000001001 1.0
1000011001 1.0
1001101000 1.0
1001101001 0.5
1001111001 0.5
1011101001 1.0
10011X1001 1.0
1000001000 1.0
1000001001 1.0
1001101000 1.0
1000001000 1.0
1000001001 1.0
110011100X 1.0
100110X001 1.0
1010001001 1.0
1101111001 1.0
1000111001 1.0
10001X1001 1.0
1X1X1X1001 1.0
1001111001 1.0
1000001000 1.0
1000001001 1.0
1010001000 1.0
1011001001 1.0
1000001001 1.0
1000101000 1.0
1011101001 1.0
10111X1001 1.0
10X1001001 1.0
1000011000 0.5
1010011000 0.5
1010101001 1.0
1000001001 1.0
1010011001 1.0
1011001000 1.0
1010111001 1.0
101X000001 1.0
1010001001 1.0
1011101001 1.0
1001XX100X 1.0
1000001001 1.0
1011111000 1.0
1011111001 1.0
1000001011 1.0
10011X1001 1.0
1001001001 1.0
1111111001 1.0
1011111001 1.0
101X111001 1.0
1111001001 1.0
1X11111001 1.0
1000001000 1.0
1011101001 1.0
10110X1001 1.0
1011111001 1.0
1X00XX1001 1.0
1000011000 1.0
1000001000 1.0
1011101001 1.0
X000001000 1.0
X111011001 1.0
1001111001 1.0
1011111001 1.0
1011101000 1.0
1011111000 1.0
1011101001 1.0
1011101000 1.0
101X1X1001 1.0
1011101001 1.0
0000000000 0.5
1000000000 0.5
1000001001 1.0
1000000001 1.0
1011111001 1.0
1011001001 1.0
1011001001 1.0
1010111001 1.0
1011101001 1.0
1000001000 1.0
1010111001 1.0
1001101001 1.0
1011111001 1.0
XX11XX1001 1.0
1000001001 1.0
XX111X1001 1.0
1001111001 1.0
1010001001 1.0
1011111001 1.0
1000001000 1.0
1011101001 1.0
1000001001 1.0
1001101001 1.0
1000000000 1.0
1111111001 1.0
1010XX1001 1.0
1001101000 1.0
1111111101 1.0
1011111001 1.0
1011111001 1.0
1011111001 1.0
10001X1000 1.0
101X001001 1.0
1000001001 1.0
10X1111001 1.0
1X111X1001 1.0
1000101001 1.0
1011111000 1.0
1001101001 1.0
1001111001 1.0
1011101001 1.0
1011001000 1.0
X111111001 1.0
0X000X1000 1.0
101111100X 1.0
1001101000 1.0
1011101001 1.0
1011111000 1.0
1010001000 1.0
1111111001 1.0
1011111001 1.0
1011101001 1.0
10101X1001 1.0
10XX111001 1.0
1011111001 1.0
1001001001 1.0
1111111001 1.0
1111X11000 1.0
1011101001 1.0
0010001001 1.0
1011111001 1.0
1X11XX1001 1.0
1011000000 1.0
1000001000 1.0
1011000000 1.0
1011X11001 1.0
1X11XX1001 1.0
1000001001 1.0
1101111011 1.0
1111111000 1.0
1111XX1001 1.0
1X111110X1 1.0
1111111001 1.0
1011111001 1.0
0010000000 1.0
1X101110X1 1.0
1X10111001 1.0
1011001001 1.0
101010100X 1.0
1X11X11001 1.0
101010100X 1.0
1011XX1001 1.0
1110111101 1.0
1010101001 1.0
1001XX1001 1.0
11101X1001 1.0
1010101001 1.0
1011111001 1.0
1010111001 1.0
1011X11001 1.0
1X11XX1001 1.0
1011101001 1.0
101110100X 1.0
1X11111001 1.0
1011100000 0.5
1011101000 0.5
1011101001 1.0
1001111001 1.0
10001X1000 1.0
1101X11001 1.0
X111111101 1.0
1000001000 1.0
1000001001 1.0
10X0X01001 1.0
1000001001 1.0
1000001001 1.0
1001001001 1.0
1001101001 1.0
1011011000 1.0
11101X1001 1.0
1011X11000 1.0
1000001000 1.0
1000101001 1.0
1X11X11001 1.0
1000101001 1.0
10111X1000 1.0
1011101001 1.0
1001101001 1.0
1000X01010 1.0
1010101001 1.0
1011101000 1.0
1011001001 1.0
10010X1001 1.0
11010X1001 1.0
11101111X1 1.0
1000XX1000 1.0
1111111001 1.0
1X11111111 1.0
1111111101 1.0
1000011001 1.0
1011001001 1.0
1011111000 1.0
1111111101 1.0
1011111011 1.0
0000X0000X 1.0
101X111001 1.0
X01000X001 1.0
11111111X1 1.0
0010001001 1.0
1X10101001 1.0
X000101001 0.25
X001101001 0.25
X010101001 0.25
X011101001 0.25
X010X01001 1.0
0000000000 1.0
1011101001 1.0
10X0001000 1.0
101100100X 1.0
1011001001 1.0
1001011001 1.0
