428
10
X101111101 1.0
0X10111000 1.0
1010111000 1.0
X011X11001 1.0
1010111001 0.5
1110111001 0.5
0011111000 0.5
0011111001 0.5
1X1011100X 1.0
1011111001 1.0
1111111XX1 1.0
X101X11001 1.0
1X111100X1 1.0
110111100X 1.0
1011111001 1.0
1011X11001 1.0
1101111001 1.0
X101X11001 1.0
X10111XX01 1.0
1011111001 1.0
1010111001 1.0
1010110000 1.0
1001111XX1 1.0
100111110X 0.5
110111110X 0.5
1011111001 1.0
1X11111001 1.0
1X11110001 1.0
0000000000 1.0
1011111000 1.0
1011111001 1.0
101X111001 1.0
1000111001 0.5
1010111001 0.5
1011111001 1.0
1011111000 1.0
1011111000 1.0
1111111001 1.0
1011111001 1.0
1010111001 1.0
1011111000 1.0
1011111001 1.0
0001111001 1.0
1111111001 1.0
1010111000 1.0
1011111001 1.0
1X11111001 1.0
1011111001 1.0
1X11111XX0 1.0
1010111001 1.0
1011100001 1.0
1001111X01 1.0
1011111001 1.0
1011111001 1.0
101011000X 1.0
1011111000 1.0
1001111001 0.5
1101111001 0.5
1011111001 1.0
1010111000 1.0
1000111001 1.0
1011111001 1.0
1010110001 1.0
101X1X0001 1.0
1X00111001 1.0
101111100X 1.0
1111111001 1.0
1011111001 1.0
1011111001 1.0
1101111001 1.0
1X1111X010 1.0
1010111001 1.0
1010111001 1.0
1011111001 1.0
1010111000 1.0
1X00111001 1.0
11X011100X 1.0
1010110001 1.0
100011100X 1.0
1X111100X0 1.0
1101111000 1.0
1000110XX0 0.5
1000110XX1 0.5
1011001001 0.25
1011011001 0.25
1011101001 0.25
1011111001 0.25
1011111000 1.0
1111111001 1.0
1011110001 1.0
10X011100X 1.0
1011110001 1.0
1000111001 1.0
1000111001 1.0
11X011100X 1.0
1X0011100X 1.0
100011000X 1.0
1X0011X001 1.0
100011X00X 1.0
1XX111100X 1.0
1011111000 0.5
1011111001 0.5
1010111001 1.0
100011100X 1.0
1X0X111000 1.0
1001110001 1.0
1111111001 1.0
1000110001 1.0
1001110001 1.0
1011111001 1.0
1010111000 1.0
1100111000 1.0
101111X001 1.0
1000111000 1.0
100011000X 1.0
0011111011 1.0
0011111001 1.0
1010111001 1.0
110011X000 1.0
1011110000 1.0
1000011000 0.5
1000111000 0.5
100011X000 1.0
1000110000 1.0
1011111001 1.0
100001X000 1.0
10X011100X 1.0
1000110001 1.0
1010111001 1.0
1011111001 1.0
110011100X 1.0
100X11X000 1.0
1000111001 1.0
1000110000 1.0
1101111001 1.0
110011100X 1.0
1000111000 1.0
101111100X 1.0
1000110001 1.0
1100111001 1.0
1011111000 1.0
11X1111001 1.0
110X111001 1.0
1000111001 1.0
1000111001 1.0
100111100X 1.0
1X10111001 1.0
100011000X 1.0
1011111001 1.0
101X11X00X 1.0
100011X001 1.0
100111100X 1.0
100111100X 1.0
100011000X 1.0
1011111001 1.0
1X0011100X 1.0
1X11110000 1.0
1000111000 1.0
1100111001 1.0
100011000X 1.0
10001100X1 1.0
111110X001 0.5
111111X001 0.5
1000X1100X 1.0
110X11XX01 1.0
110011X00X 1.0
100011X001 1.0
1000X10001 1.0
1011111001 1.0
1X0X111001 1.0
0011100001 1.0
1010111001 1.0
100X11100X 1.0
100011X001 1.0
1100111001 1.0
0X11011001 1.0
111111X000 1.0
1011110000 1.0
1X01111001 1.0
1100110000 1.0
1000110000 1.0
1000100000 0.5
1010100000 0.5
100X110000 1.0
10X1110001 1.0
X011X10000 1.0
1000111000 1.0
1011111001 1.0
1000111001 1.0
1010111001 1.0
X010X10000 1.0
1011100000 1.0
11XX11X001 1.0
1011111000 1.0
1011111001 1.0
1010111001 1.0
1011111001 1.0
101111000X 1.0
0011010001 1.0
1010111001 1.0
111111XX01 1.0
1011111001 1.0
1011111X0X 1.0
1011111101 1.0
1011111001 1.0
1010111000 1.0
101011X001 1.0
1010111001 1.0
1000111001 1.0
1011110000 1.0
1011110001 1.0
1011111001 1.0
1011111001 1.0
1000110000 1.0
1010111001 1.0
1011110000 1.0
1010111000 1.0
1010111001 1.0
111011000X 1.0
10111X1001 1.0
1010111001 1.0
1101111001 0.5
1111111001 0.5
1010111001 1.0
1000111001 1.0
1X1X111001 1.0
1011111001 1.0
1010011000 0.5
1010111000 0.5
1010110001 1.0
1010111000 1.0
1011111001 1.0
101011X001 1.0
1010110000 1.0
1011111001 1.0
101111X001 1.0
1011111001 1.0
1010111000 1.0
1010111001 1.0
1010111001 1.0
1000X11001 1.0
1011111000 1.0
1010111001 1.0
101X100001 1.0
1010111001 1.0
1011111001 1.0
101111100X 1.0
1000111001 1.0
1011010000 0.5
1011011000 0.5
1011111001 1.0
1010111011 1.0
1011111001 1.0
1011111001 1.0
1111111001 1.0
1001110001 1.0
10XX110001 1.0
1101111001 1.0
1X11111001 1.0
1010111000 1.0
1011111001 1.0
1011111001 1.0
1011111001 1.0
1X10111001 1.0
1000110000 1.0
1010111000 1.0
1011111001 1.0
X010111000 1.0
X101111001 1.0
1011111001 1.0
1011111001 1.0
1011111000 1.0
1011110000 1.0
1011111001 1.0
1011110000 1.0
101X111001 1.0
1011111001 1.0
0010000000 0.25
0010100000 0.25
1010000000 0.25
1010100000 0.25
1010111001 1.0
1010100001 1.0
1011111001 1.0
1011111001 1.0
1011111001 1.0
1010111001 1.0
1011111001 1.0
1010111000 1.0
1010111001 1.0
1011111001 1.0
1011111001 1.0
XX11111001 1.0
1010010001 1.0
XX11011001 1.0
1011111001 1.0
1010111001 1.0
1011110001 1.0
1010110000 1.0
1011111001 1.0
1010111001 1.0
1011111001 1.0
1010100000 1.0
1111111001 1.0
1010111001 1.0
1011111000 1.0
1101111001 1.0
10X1111001 1.0
1011111001 1.0
1011111001 1.0
1010110000 1.0
101X111001 1.0
1010111001 1.0
100111X001 1.0
1X11111001 1.0
1010111001 1.0
1011111000 1.0
1011111001 1.0
1011111001 1.0
1011111001 1.0
1001111000 1.0
X101111001 1.0
0X10110000 1.0
101111100X 1.0
1001111000 1.0
1011111001 1.0
1011111000 1.0
1010111000 1.0
11X111X001 1.0
1011110001 1.0
1011111001 1.0
1010110001 1.0
100X11X001 1.0
1011111001 1.0
1011111001 1.0
1101111001 1.0
1111110000 1.0
1011110001 1.0
0010011001 1.0
1011111001 1.0
1X11111001 1.0
1011100000 1.0
1000110000 1.0
1011100000 1.0
1011111001 1.0
1X11111001 1.0
1010111001 1.0
1111111011 1.0
1111111000 1.0
1101111001 1.0
1X111110X1 1.0
1111111001 1.0
1011111001 1.0
0000000000 1.0
1X0011XXX1 1.0
1X00111001 1.0
1011111001 1.0
100011100X 1.0
1XX1111X01 1.0
100011000X 1.0
1011111001 1.0
1100111101 1.0
100011X001 1.0
1011111001 1.0
110011X001 1.0
1010111001 1.0
1001111001 1.0
1000111001 1.0
1011111001 1.0
1X11111001 1.0
1011110001 1.0
100111100X 1.0
1X01111101 1.0
1011100000 0.5
1011110000 0.5
1011111001 1.0
1011111001 1.0
101011X000 1.0
1111111001 1.0
X111X1X001 1.0
1010110000 1.0
1010111001 1.0
1010111001 1.0
1010111001 1.0
1010110001 1.0
1011110001 1.0
1011111001 1.0
1001111000 1.0
1100111001 1.0
1011111000 1.0
1010111000 1.0
1010111001 1.0
1X01111001 1.0
1010111001 1.0
1011111000 1.0
1011111001 1.0
1011011001 1.0
1010111010 1.0
101011X001 1.0
1011111000 1.0
1011111001 1.0
101111X001 1.0
1111111001 1.0
11001111X1 1.0
1010X10000 1.0
1111110001 1.0
1X1111X011 1.0
1101111101 1.0
1010011001 1.0
1011110001 1.0
1011111000 1.0
110111X001 1.0
1011111011 1.0
000010000X 1.0
100X111001 1.0
X0101X0001 1.0
11111111X1 1.0
000011X001 1.0
1X00110001 1.0
X010111001 0.5
X011111001 0.5
X01011X001 1.0
0010000000 1.0
1011110001 1.0
1000111000 1.0
101111000X 1.0
1011111001 1.0
1011111001 1.0
