427
10
X110111111 1.0
01X10X1100 1.0
1101001100 1.0
X1011X1110 0.5
X1011X1111 0.5
11010X1110 1.0
0111101101 0.5
0111101111 0.5
11010X11X0 1.0
1111101110 1.0
1111111X10 1.0
X110111110 1.0
1111110110 1.0
11101111XX 1.0
1101101X10 1.0
11111X1111 1.0
1110111110 1.0
X110111110 1.0
X11011X110 1.0
1111101010 1.0
1101011110 1.0
1111000000 1.0
1110111110 1.0
11101111X1 1.0
1111111110 1.0
1111111110 1.0
11011X0010 1.0
0000000000 1.0
1101101101 1.0
1101101010 1.0
1101X01110 1.0
1110011X10 0.5
1111011X10 0.5
1111101110 1.0
1101101101 1.0
1101111101 1.0
1101111110 1.0
1111101110 1.0
1111001110 1.0
1111101100 1.0
1101101110 1.0
0110111110 1.0
11111X1111 1.0
1111001100 1.0
1111101110 1.0
11011X1110 1.0
1101101110 1.0
1111101101 1.0
11X10X1110 1.0
1001100010 1.0
1110111111 1.0
1101111010 1.0
1111111111 1.0
11010X01X0 1.0
1111101100 1.0
1110111111 1.0
1101101110 1.0
1101001100 1.0
1100011010 1.0
1101101010 1.0
1111000110 1.0
1X11X00010 1.0
1110011110 1.0
11011X11X0 1.0
1111111111 1.0
1101101010 1.0
1101101111 1.0
1110111111 1.0
111110XX00 1.0
1111001111 1.0
1101001110 1.0
1101101111 1.0
1101001000 1.0
11000X1110 1.0
110X0111XX 1.0
1111000110 1.0
11000X11XX 1.0
11111X0100 1.0
11001X1100 1.0
1100010100 0.5
1100010110 0.5
10111X1110 0.5
11111X1110 0.5
1101111100 0.5
1111111100 0.5
1101111010 1.0
11111X0110 1.0
111X0011XX 1.0
1101110X10 1.0
11000X1110 1.0
1110001110 1.0
111X0111X0 1.0
11000111X0 1.0
1100010XXX 1.0
110001XX10 1.0
110001XXXX 1.0
110X1111XX 1.0
1101101100 0.5
1101101110 0.5
1111001111 1.0
11000111XX 1.0
1100X11100 1.0
1110100110 1.0
1101101110 1.0
11X000011X 1.0
1110110X10 1.0
1111111110 1.0
1101001100 1.0
11100X1100 1.0
111110XX10 1.0
1100001100 1.0
1110010XXX 1.0
0111111111 1.0
0101101110 1.0
1101011111 1.0
110001XX0X 1.0
1111100000 1.0
11000X1100 1.0
111001X10X 1.0
110001000X 1.0
1111101110 1.0
110001X10X 1.0
110X0111XX 1.0
111001011X 1.0
1111011X1X 1.0
1111101110 1.0
11000111XX 1.0
1110X0X10X 1.0
111001111X 1.0
11100X0000 1.0
1110111110 1.0
11100011XX 1.0
111000110X 1.0
11111X11X0 1.0
11X0010110 1.0
1110001110 1.0
1101101100 1.0
111X111111 1.0
1110X11110 1.0
111001111X 1.0
1110011110 1.0
11101111X0 1.0
1101001010 1.0
1110000XX0 1.0
1101111010 1.0
1111X0X1XX 1.0
111001X01X 1.0
1110101XX0 1.0
11101111XX 1.0
11100100XX 1.0
1111101111 1.0
11100X11XX 1.0
1111100000 1.0
111001110X 1.0
111001111X 1.0
11X0010XXX 1.0
1100000011 1.0
100111X111 0.5
110111X111 0.5
11100111X0 1.0
1110X1X11X 1.0
111001X1XX 1.0
111001X11X 1.0
111000001X 1.0
1111111111 1.0
1110XX1110 1.0
0001100011 1.0
11110X111X 1.0
1110X111X0 1.0
111001X11X 1.0
1100011110 1.0
0111101111 1.0
110111X101 1.0
1101100101 1.0
11101X111X 1.0
1110010X0X 1.0
111000000X 1.0
1000000000 0.5
1001000000 0.5
1110X0010X 0.5
1110X1010X 0.5
111X1X0010 1.0
X101100000 1.0
11000X1101 1.0
1111111111 1.0
111001111X 1.0
11010X1X10 1.0
X101000000 1.0
10X1100000 1.0
111XX1X010 1.0
1111101100 1.0
1111111111 1.0
1101001010 1.0
11111X1110 1.0
11111000X0 1.0
0111110010 1.0
1101001110 1.0
111111X110 1.0
1101101111 1.0
11111111X1 1.0
1111111111 1.0
1111101110 1.0
1101001100 1.0
11010XX110 1.0
1101001010 1.0
1100011010 1.0
1101100000 1.0
1101100111 0.5
1101110111 0.5
1111101111 1.0
11011X1111 1.0
1100000000 1.0
1101001110 1.0
1101100000 1.0
1101001100 1.0
1101001110 1.0
11010100X0 1.0
1X01101110 1.0
1111001110 1.0
1100111111 0.5
1101111111 0.5
1101011110 1.0
11000X1110 1.0
1111XX1110 1.0
1101111110 1.0
1101001100 1.0
1101000010 1.0
1111001100 1.0
1111101110 1.0
110100XX10 1.0
1101000100 1.0
1111101110 1.0
11111XX110 1.0
11X1101110 1.0
1101011100 0.5
1111011100 0.5
1111001110 1.0
1101001010 1.0
1110011X10 1.0
1111101100 1.0
1111011111 1.0
1011X00011 1.0
1111001111 1.0
1111101111 1.0
11011X11X0 1.0
1100001110 1.0
1111110000 0.5
1111111000 0.5
1111111110 1.0
1101001110 1.0
11011X1111 1.0
1101101110 1.0
1111111110 1.0
1110110111 1.0
111XX10010 1.0
1110101X11 1.0
1111111110 1.0
1101001100 1.0
1111101110 1.0
11111X1111 1.0
1111111110 1.0
11010X1110 1.0
1100010000 1.0
1101001100 1.0
1111101011 1.0
X101001100 1.0
X110111110 1.0
1101111110 1.0
1111111110 0.5
1111111111 0.5
1111101100 1.0
1111110101 1.0
1111101110 1.0
1111100000 1.0
1111XX1110 1.0
1111101110 1.0
0001000000 0.5
1001000000 0.5
1101001110 1.0
1001000010 1.0
1111111111 1.0
1111101010 1.0
1111101111 1.0
1111011111 1.0
1111101110 1.0
1101001100 1.0
1111011110 1.0
1101101110 1.0
1111111010 1.0
X1111X1010 1.0
1101000010 1.0
X1111X1111 1.0
1101111110 1.0
1111001110 1.0
1111110111 1.0
1101000000 1.0
1111101111 1.0
1101001110 1.0
1101101110 1.0
1001000000 1.0
1111111110 1.0
11110X1110 1.0
1101101001 1.0
1110111111 1.0
111X111110 1.0
1111111111 1.0
1111111111 1.0
11010X0000 1.0
1111X01111 1.0
1101001110 1.0
11X011X11X 1.0
11111X1110 1.0
1101001X11 1.0
1111111101 1.0
1101101110 1.0
1101111111 1.0
1111101111 1.0
1110101100 1.0
X110111111 1.0
01010X0000 1.0
11111111X1 1.0
1100101100 1.0
1111101110 1.0
1111111101 1.0
1111001100 1.0
111X11XX1X 1.0
1111110X11 1.0
1111101111 1.0
11110X0X10 1.0
11X0X1XX10 1.0
1111111111 1.0
1101101110 1.0
1110111110 1.0
1111110001 1.0
1111100010 1.0
0111001110 1.0
1111111110 1.0
11111X1111 1.0
1011100001 1.0
1100000100 1.0
1011100000 1.0
1111111111 1.0
11111X1110 1.0
1101001110 1.0
1101111111 1.0
1111111100 1.0
11101X1111 1.0
1111111111 1.0
1111111111 1.0
111111111X 1.0
0010000001 1.0
111001X011 1.0
1110011110 1.0
1111101110 1.0
11100011X0 1.0
111X111110 1.0
11100000X0 1.0
11111X1111 1.0
1110011110 1.0
111000X010 1.0
11011X1111 1.0
11100XX11X 1.0
1111001110 1.0
1110111110 1.0
1110011110 1.0
1111111111 1.0
11111X1110 1.0
1111100X11 1.0
11101011X1 1.0
111011111X 1.0
1011100X01 0.5
1111100X01 0.5
1111101110 1.0
1101111110 1.0
11010XXX00 1.0
1101111010 1.0
X11111XX10 1.0
1101000000 1.0
1101001110 1.0
11X1001110 1.0
1101001110 1.0
1101000X10 1.0
1101100010 1.0
1101101110 1.0
1110111100 1.0
11100X1X10 1.0
1111111100 1.0
1101001100 1.0
1101001010 1.0
1110111110 1.0
1101001110 1.0
11111X1100 1.0
1111101110 1.0
1101101110 1.0
1101001X00 1.0
111100X110 1.0
1111101100 1.0
1111101110 1.0
11011XXX10 1.0
11011X1110 1.0
1110011110 1.0
11010X0000 1.0
1111110111 1.0
111111X110 1.0
1110111111 1.0
1101011010 1.0
1111100010 1.0
1111111101 1.0
111011X110 1.0
1111111110 1.0
0000000XX0 1.0
1110X11110 1.0
XX11000010 1.0
1111111111 1.0
011000X010 1.0
1110000X10 1.0
X101001110 0.25
X101101110 0.25
X111001110 0.25
X111101110 0.25
X11100X010 1.0
0001000000 1.0
1111100010 1.0
11X0001100 1.0
11111001XX 1.0
1111101110 1.0
1101111111 1.0
