9.504569359914077920e-01
9.041382200338037300e-01
8.608236927582559872e-01
8.203086887904492697e-01
7.824029431739526474e-01
7.469295728695796166e-01
7.137241285775497435e-01
6.826337123668202445e-01
6.535161568316997238e-01
6.262392617281233864e-01
6.006800842687722852e-01
5.767242794768938641e-01
5.542654872119491261e-01
5.332047626852087774e-01
5.134500474801713121e-01
4.949156782804036148e-01
4.775219306860225554e-01
4.611945956697361404e-01
4.458645863838409107e-01
4.314675731813581994e-01
4.179436448574793683e-01
4.052369942521297785e-01
3.932956264810128499e-01
3.820710881812541260e-01
3.715182162690295886e-01
3.615949048108981212e-01
3.522618887079846384e-01
3.434825429833701094e-01
3.352226965481134302e-01
3.274504594008286196e-01
3.201360622898041242e-01
3.132517079357119427e-01
3.067714329773511550e-01
3.006709798627338892e-01
2.949276779636665902e-01
2.895203332438086585e-01
2.844291258585197046e-01
2.796355151096755476e-01
2.751221512203325670e-01
2.708727934328928333e-01
2.668722339704928670e-01
2.631062274346886998e-01
2.595614252436690417e-01
2.562253147439852996e-01
2.530861626556319965e-01
2.501329625350477426e-01
2.473553859637677155e-01
2.447437371917155491e-01
2.422889109840643818e-01
2.399823534389146917e-01
2.378160255600998696e-01
2.357823693852842128e-01
2.338742764840985588e-01
2.320850586547416605e-01
2.304084206599746609e-01
2.288384348551821823e-01
2.273695175719222805e-01
2.259964071304903510e-01
2.247141433642061981e-01
2.235180485468317713e-01
2.224037096224431298e-01
2.213669616444540467e-01
2.204038723373822339e-01
2.195107277012157965e-01
2.186840185841583961e-01
2.179204281549310118e-01
2.172168202108586410e-01
2.165702282626212616e-01
2.159778453408817134e-01
2.154370144739552739e-01
2.149452197894676508e-01
2.145000781962754510e-01
2.140993316061987062e-01
2.137408396579743575e-01
2.134225729086083601e-01
2.131426064598098968e-01
2.128991139895389795e-01
2.126903621608303152e-01
2.125147053821104526e-01
2.123705808950254736e-01
2.122565041675629760e-01
2.121710645718066779e-01
2.121129213271690794e-01
2.120807996912826843e-01
2.120734873820264432e-01
2.120898312153131626e-01
2.121287339443694575e-01
2.121891512872218222e-01
2.122700891300786930e-01
2.123706008951083968e-01
2.124897850619724138e-01
2.126267828331609433e-01
2.127807759339260807e-01
2.129509845381845901e-01
2.131366653124193156e-01
2.133371095701091236e-01
2.135516415297419868e-01
2.137796166699633682e-01
2.140204201758075520e-01
2.142734654704128994e-01
