500
9
110000111 1.0
110000111 1.0
110010110 1.0
110000110 1.0
110000111 1.0
110000110 1.0
100110001 1.0
110010111 1.0
110000110 1.0
111000110 1.0
110000110 1.0
110000110 1.0
001000110 1.0
111000110 1.0
110000110 1.0
110000110 1.0
110000110 1.0
100000110 1.0
110010111 1.0
110000110 1.0
000010100 1.0
110000110 1.0
110000110 1.0
110000110 1.0
110010110 1.0
110000110 1.0
110010111 1.0
110000110 1.0
000110101 1.0
111000110 1.0
110000110 1.0
111010110 1.0
011000110 1.0
001000110 1.0
111000110 1.0
110000111 1.0
001000110 1.0
110000111 1.0
110000111 1.0
111000110 1.0
110000111 1.0
001000110 1.0
000110101 1.0
000110101 1.0
000110101 1.0
100000110 1.0
110010110 1.0
110000110 1.0
110000110 1.0
110010110 1.0
001000110 1.0
100110001 1.0
110000110 1.0
111000110 1.0
110000110 1.0
000110101 1.0
110010110 1.0
100000100 1.0
110010110 1.0
110000110 1.0
110010110 1.0
110000111 1.0
110000110 1.0
001000110 1.0
001000100 1.0
001000110 1.0
001000100 1.0
001000110 1.0
011010110 1.0
110000111 1.0
110000110 1.0
000110101 1.0
001000110 1.0
111000110 1.0
110000110 1.0
011000110 1.0
100000110 1.0
110000111 1.0
011000110 1.0
110000110 1.0
111000110 1.0
110010110 1.0
100000110 1.0
110000110 1.0
110000110 1.0
110010110 1.0
011000110 1.0
000110101 1.0
001000110 1.0
110000110 1.0
110000110 1.0
110000110 1.0
110000110 1.0
111000111 1.0
110000110 1.0
110000110 1.0
110000110 1.0
110000111 1.0
110000110 1.0
100100111 1.0
001000110 1.0
110000110 1.0
110000110 1.0
011010110 1.0
110000111 1.0
001000110 1.0
100000111 1.0
110010110 1.0
011000110 1.0
110000110 1.0
110000110 1.0
111000110 1.0
100100110 1.0
001000110 1.0
110000111 1.0
110010101 1.0
110010111 1.0
111000110 1.0
000110101 1.0
100000101 1.0
110000110 1.0
111000110 1.0
111000110 1.0
110000110 1.0
110011100 1.0
110000110 1.0
110000110 1.0
110000110 1.0
110000110 1.0
110000110 1.0
111000110 1.0
110110101 1.0
110000110 1.0
111000110 1.0
011000110 1.0
001000110 1.0
001000110 1.0
110000110 1.0
000110101 1.0
111000110 1.0
110010110 1.0
000110101 1.0
011000110 1.0
110000110 1.0
001000110 1.0
110010110 1.0
110000110 1.0
111000110 1.0
110000110 1.0
110010110 1.0
110010110 1.0
110010111 1.0
110000110 1.0
110000110 1.0
110010110 1.0
100111001 1.0
110000110 1.0
110000110 1.0
000110101 1.0
110000110 1.0
110000110 1.0
110010110 1.0
110000110 1.0
110010111 1.0
110000110 1.0
011000110 1.0
110010110 1.0
110000110 1.0
001000100 1.0
110000110 1.0
110000110 1.0
110100111 1.0
000000110 1.0
111000110 1.0
110000110 1.0
111000110 1.0
110000110 1.0
110010110 1.0
110000110 1.0
110000110 1.0
100111001 1.0
110000110 1.0
110000111 1.0
110010110 1.0
110000111 1.0
110000111 1.0
110010110 1.0
110000110 1.0
110000110 1.0
110000110 1.0
110000110 1.0
110000110 1.0
110000110 1.0
110000110 1.0
110000110 1.0
110000110 1.0
111000110 1.0
110000110 1.0
011000110 1.0
110000110 1.0
110000110 1.0
110010110 1.0
110010110 1.0
110010111 1.0
110000110 1.0
100110001 1.0
100000110 1.0
110010110 1.0
110000110 1.0
110010110 1.0
110000110 1.0
110000111 1.0
110000110 1.0
110010101 1.0
110000110 1.0
110000110 1.0
110000110 1.0
001000110 1.0
110000110 1.0
001000110 1.0
111000110 1.0
011000110 1.0
110010110 1.0
110010110 1.0
110000110 1.0
110000110 1.0
011000110 1.0
110000110 1.0
110000110 1.0
011010110 1.0
110000110 1.0
110000110 1.0
110011100 1.0
110010111 1.0
100000111 1.0
001000110 1.0
011000110 1.0
110000110 1.0
110000111 1.0
011010100 1.0
100000110 1.0
110010110 1.0
110000110 1.0
110000110 1.0
100000100 1.0
001000110 1.0
110000110 1.0
110000110 1.0
001010100 1.0
110000110 1.0
110000110 1.0
110000110 1.0
001010100 1.0
110000111 1.0
011010110 1.0
110000110 1.0
110010110 1.0
000110101 1.0
110000110 1.0
110010110 1.0
110010110 1.0
110000110 1.0
110010110 1.0
111000110 1.0
110010110 1.0
110010110 1.0
001000110 1.0
110000110 1.0
110000111 1.0
110000110 1.0
110010110 1.0
000110101 1.0
110010101 1.0
110000111 1.0
100000111 1.0
100000111 1.0
110000110 1.0
110000110 1.0
110010110 1.0
110000110 1.0
110010110 1.0
111010100 1.0
110000101 1.0
001010100 1.0
110010111 1.0
110000110 1.0
111000110 1.0
110000110 1.0
111010110 1.0
110000110 1.0
110000110 1.0
001000110 1.0
110000110 1.0
000110101 1.0
011000110 1.0
110000111 1.0
000110101 1.0
110000110 1.0
110010110 1.0
110000110 1.0
110000110 1.0
011000110 1.0
110000110 1.0
110000110 1.0
111010000 1.0
011010100 1.0
100000110 1.0
100100011 1.0
110000111 1.0
110000110 1.0
001000100 1.0
110000110 1.0
011010110 1.0
110010110 1.0
100111001 1.0
000110101 1.0
110000110 1.0
110010110 1.0
110000110 1.0
110000111 1.0
110000110 1.0
110000110 1.0
111000110 1.0
110010110 1.0
000110101 1.0
110000111 1.0
110000110 1.0
111000110 1.0
011010110 1.0
100110001 1.0
001000110 1.0
110000110 1.0
001000110 1.0
110000110 1.0
110010110 1.0
110000111 1.0
110010100 1.0
110000110 1.0
110010110 1.0
110000110 1.0
110010110 1.0
110000110 1.0
001010100 1.0
001000110 1.0
000110101 1.0
001000110 1.0
110000110 1.0
001000110 1.0
000110101 1.0
110000111 1.0
110000110 1.0
110000111 1.0
110000110 1.0
110000110 1.0
110000110 1.0
110000110 1.0
110010110 1.0
110000110 1.0
110010111 1.0
001000100 1.0
110010101 1.0
001000110 1.0
110000110 1.0
000110100 1.0
110000110 1.0
000010100 1.0
111000110 1.0
110010111 1.0
110010110 1.0
110011100 1.0
001010100 1.0
011000110 1.0
011000110 1.0
110000110 1.0
110010111 1.0
111010000 1.0
110000111 1.0
110000111 1.0
110010111 1.0
110000110 1.0
100000110 1.0
011000110 1.0
001000110 1.0
110010110 1.0
001010100 1.0
100100111 1.0
110010110 1.0
110000110 1.0
111000110 1.0
100110001 1.0
110000110 1.0
110000110 1.0
110010111 1.0
110000110 1.0
110000110 1.0
110000110 1.0
111000110 1.0
000110101 1.0
110000111 1.0
110010111 1.0
000110101 1.0
110000110 1.0
110000110 1.0
110010110 1.0
110000110 1.0
110000110 1.0
110000110 1.0
110000110 1.0
100111001 1.0
000110001 1.0
110000110 1.0
110000110 1.0
110000110 1.0
110011100 1.0
110000110 1.0
100000110 1.0
110000110 1.0
111000110 1.0
111000110 1.0
110010110 1.0
110111001 1.0
011010110 1.0
001000110 1.0
011010110 1.0
110000110 1.0
011000110 1.0
110000110 1.0
110000110 1.0
110010110 1.0
011000110 1.0
110000111 1.0
100000110 1.0
110000110 1.0
110000110 1.0
001000100 1.0
011010110 1.0
110000110 1.0
110000110 1.0
110000110 1.0
011000110 1.0
110000110 1.0
111010110 1.0
110010110 1.0
110000110 1.0
111000110 1.0
110010111 1.0
110000110 1.0
000110101 1.0
001000110 1.0
001000110 1.0
110000110 1.0
110000110 1.0
111000110 1.0
011000110 1.0
111000110 1.0
110010100 1.0
110010110 1.0
110000110 1.0
110000110 1.0
110000110 1.0
000110101 1.0
110000110 1.0
110000110 1.0
110000111 1.0
110000110 1.0
110000110 1.0
001000110 1.0
000110100 1.0
110000111 1.0
110000110 1.0
111000110 1.0
011010110 1.0
110000110 1.0
110000110 1.0
110000111 1.0
110000110 1.0
001000110 1.0
110000110 1.0
110000110 1.0
110000110 1.0
110010101 1.0
001000110 1.0
000110101 1.0
110000110 1.0
110010110 1.0
000110101 1.0
110000110 1.0
110000110 1.0
110000110 1.0
110011001 1.0
110000110 1.0
000100101 1.0
110000110 1.0
110010110 1.0
110010110 1.0
110000110 1.0
110000110 1.0
110000110 1.0
100110001 1.0
110000110 1.0
