-9.779982345876137625e-04
8.370242202807566534e-02
-3.932870341100026812e-02
8.214805129810461015e-02
-9.301921895505291249e-02
2.019791954349490215e-01
6.358712930787509265e-02
1.465929012823233846e-01
1.375254638410220165e-01
-1.573222508119423990e-01
-9.829421856962704263e-02
4.320233006867786607e-02
1.935122798596476956e-01
-2.821393301428140252e-02
4.079111882409285766e-02
-1.215430250809196866e-01
-2.394424352512064189e-02
-7.145730862147497975e-02
6.596078737214104704e-02
1.562503187137254945e-01
-1.095632147948739643e-01
-2.329853245574965356e-02
5.663145627620427836e-02
6.131634226903355522e-02
-5.890012140812104363e-02
-1.899970866263784794e-02
1.270751716059511927e-01
-1.331603336114106084e-01
1.353787652966188526e-01
-3.173897925426423516e-02
-3.081039167648820520e-02
-7.706853148970274625e-02
7.326380520745659486e-02
6.412643259131836637e-02
1.054544630591881804e-01
-2.157639880579642622e-02
-2.825786980375257981e-02
-1.051631222881303923e-01
2.055158952851690035e-01
-9.627453697283314127e-02
1.672238633440991662e-01
-9.222896191528570653e-02
6.976767942769117326e-02
-1.729691197971722910e-02
1.719545141594373480e-02
-5.787282429131621747e-02
1.434489370917552409e-01
5.840015162560015238e-02
1.268281187934034160e-01
1.656107566444245949e-01
1.027821752701159330e-01
6.611219058794104431e-02
2.162760921396623959e-02
-1.202622884041405077e-01
-2.053454291843420099e-01
-6.018131178383156338e-02
-1.148921177567587826e-01
-7.677264184460941276e-02
-1.568321587081680096e-02
1.946322237891946749e-02
-7.316682356834490475e-02
-2.424969724687548941e-02
-1.462904997270999541e-01
-8.501233813785825932e-02
1.518236105465028407e-01
8.339914078305826761e-02
1.237602954412093670e-01
1.805999754500760626e-02
-9.052275551586928815e-02
-7.526128683324632973e-02
-1.101493890635288492e-01
-1.875510702081565825e-02
1.220244836365953073e-01
-1.203903544449764634e-01
8.163065132296232207e-02
6.720893920660065031e-03
-8.666023627982964717e-02
7.203048252479488101e-02
-7.388459403160668043e-03
-7.015322261486994782e-02
3.886973794339192156e-02
8.489012698026981996e-02
2.041767162358920640e-01
5.608889451621982408e-02
-3.716083229284383033e-02
1.976540408271640001e-02
-6.693718574268935073e-02
-1.287991115118531649e-01
-8.112870918244775853e-02
1.700034413439837078e-01
-1.320564952862334218e-01
7.910999199248439084e-02
1.020404550349648665e-01
-1.370821055389269405e-01
3.645768031469778098e-02
-1.783853609627562564e-01
2.513696573135430767e-03
6.290065432642553966e-02
1.785135129667465848e-01
6.744793667171826435e-02
-3.643732176460840605e-02
-8.196909096076938905e-02
-5.765936463361875930e-02
1.298052078525067368e-03
-8.796650996207171225e-02
5.071469910269858945e-03
-1.135111921397660428e-01
2.224952193107575527e-01
-2.329800115527392267e-03
-1.677568928398983361e-01
1.237167864476539231e-01
1.371778153175430559e-01
-3.935406696423558726e-02
-1.601484389554403212e-02
4.867760680210460322e-02
9.589834066160450587e-02
1.045564995110060819e-01
-8.425690948008890402e-02
4.397733903157083346e-02
3.641889123131641925e-02
7.628595441833071165e-03
-2.344499848468636904e-02
3.345691726361278012e-02
3.919461618166882044e-02
1.473299117515131096e-01
1.122353268332285103e-01
-1.449150614672556348e-01
1.111766994934230458e-02
1.070351931768644543e-01
8.351961360277924962e-02
1.814136182778176565e-01
1.038270858013315978e-01
-2.654559376435885673e-02
5.760875893052855301e-02
-2.404422321021287834e-02
2.582673730924049393e-01
1.330240661332157681e-01
-1.952305931374927542e-02
7.197043041431124000e-02
-3.613680618033108388e-02
-9.290485853884355993e-02
1.178311800470352444e-01
2.378096242804986216e-02
1.172979202671686066e-02
6.149827439455486655e-02
1.361532440172265879e-01
-5.208384853738759479e-02
8.181521411309065558e-03
1.723571550628313076e-01
-4.164535514111256109e-02
-4.292052452397361606e-02
3.570639463229899335e-02
-1.347534230397713466e-02
1.478633018662814207e-02
9.582289662020082588e-02
3.091823316790479753e-02
2.133922130036915166e-01
-1.876481845838784690e-01
1.294848576334830248e-01
2.281192840634705538e-02
-6.505620563142870683e-02
-7.878198048648391016e-02
-1.750407769950023951e-01
5.209191808368626719e-02
-5.958709704986758782e-02
1.049332377584379777e-01
1.217564436553488227e-01
-6.994232346618761871e-03
2.903903736856543183e-02
-7.756518419807054143e-02
5.298139598274821671e-02
1.254403847100728827e-03
-1.602122498480029189e-01
6.609218377330458583e-02
3.382418812507174272e-02
6.549245962166536095e-02
3.796039072890222688e-02
3.615884862391599563e-02
6.810614947673217234e-02
-7.782920688598705949e-02
-1.317299884683981737e-01
4.115287316108175901e-04
-9.856405803771856045e-02
8.784054257963960777e-02
-8.947674317697218438e-02
-6.883041814791769630e-02
-9.669058748856126928e-02
-7.314104868059823072e-02
2.682891513067161421e-03
-1.202001946105408781e-01
-5.592685353827761552e-02
-1.016602513556378873e-01
-1.572613139502094526e-01
9.897793501077922426e-03
-1.560302926581766114e-01
2.812537441450847081e-02
-1.150561123679557235e-01
2.683961894885671454e-02
3.489631584897432554e-02
5.009484026245691196e-02
5.170039075998748151e-02
1.080097389942023950e-01
1.016152229338311841e-01
-2.815649950354823412e-03
9.076906802103160143e-02
-8.635691143363169453e-02
3.663180269427119412e-02
5.600377853138562012e-02
-7.914336836808442965e-03
-1.766692744408685511e-01
