500
11
10100010001 1.0
10100101010 1.0
10100010001 1.0
10100010001 1.0
10100010001 1.0
10100010001 1.0
10100010001 1.0
10100101010 1.0
10100010001 1.0
10100010001 1.0
10110010001 1.0
10100010001 1.0
10100010001 1.0
10100010001 1.0
10100101010 1.0
10110010001 1.0
10100101010 1.0
10100010001 1.0
10100010001 1.0
00100010001 1.0
10111010001 1.0
10100010001 1.0
10110010001 1.0
10100010001 1.0
01101010101 1.0
11111010100 1.0
10100010001 1.0
10100010001 1.0
10100101010 1.0
10100101110 1.0
10100010001 1.0
10000101010 1.0
01100010001 1.0
10100010001 1.0
10100010001 1.0
10100010001 1.0
10100101010 1.0
01100010001 1.0
10110010001 1.0
10100101010 1.0
10100010001 1.0
10000101010 1.0
10100010001 1.0
10100010001 1.0
10100010001 1.0
10100010001 1.0
10100010001 1.0
10100010001 1.0
10100010001 1.0
10110010001 1.0
10100010001 1.0
10110010001 1.0
10100010001 1.0
10110010001 1.0
10100010001 1.0
10100010001 1.0
10111010001 1.0
10100010001 1.0
10100101010 1.0
01100010101 1.0
01100010001 1.0
10100010001 1.0
10100010001 1.0
10100101010 1.0
10100101010 1.0
11111010100 1.0
10100010001 1.0
10100010001 1.0
10100010001 1.0
10110010001 1.0
01101010101 1.0
01101010101 1.0
10100010001 1.0
10100010001 1.0
10100010001 1.0
10100010001 1.0
10100010001 1.0
10110010001 1.0
10100101010 1.0
10100101010 1.0
10100010001 1.0
10100010001 1.0
10100010001 1.0
01111010101 1.0
10100101010 1.0
10100010001 1.0
10100010001 1.0
10100010001 1.0
10100101010 1.0
10100010001 1.0
10110010001 1.0
10100010001 1.0
10100101010 1.0
10100010001 1.0
10110010001 1.0
10100101010 1.0
10100010001 1.0
10100010001 1.0
10100010001 1.0
10100010001 1.0
10110010001 1.0
10100101010 1.0
10100010001 1.0
10100010001 1.0
10100101010 1.0
10110010001 1.0
10100101010 1.0
10100010001 1.0
10100010001 1.0
10100010001 1.0
10100101010 1.0
10110010001 1.0
10100101010 1.0
10100101010 1.0
10100101010 1.0
10110010001 1.0
10110010001 1.0
10100010001 1.0
10110010001 1.0
10100101010 1.0
10000101010 1.0
10100010001 1.0
10100010001 1.0
10100010001 1.0
10100101010 1.0
10100101010 1.0
10110010001 1.0
10100101010 1.0
10100010001 1.0
10110010001 1.0
10100101010 1.0
10100010001 1.0
10100010001 1.0
10100010001 1.0
10110010001 1.0
10110010001 1.0
10100010001 1.0
10100010001 1.0
10100010001 1.0
10100101010 1.0
10100010001 1.0
10100010001 1.0
10100010001 1.0
10100010001 1.0
10100010001 1.0
11111010101 1.0
10100010001 1.0
10100101010 1.0
10100010001 1.0
10100010001 1.0
10100010001 1.0
10100010001 1.0
10100010001 1.0
10100010001 1.0
10100010001 1.0
10000101010 1.0
10100010001 1.0
10100010001 1.0
10100010001 1.0
10100010001 1.0
10100010001 1.0
10100010001 1.0
10111010001 1.0
10100010001 1.0
10100010001 1.0
10100010001 1.0
01111010101 1.0
10100010001 1.0
10100010001 1.0
10110010001 1.0
10100101010 1.0
10100010001 1.0
01111010101 1.0
10110010001 1.0
10100010001 1.0
01101010101 1.0
10100010001 1.0
10100010001 1.0
01111010101 1.0
10100010001 1.0
10100010001 1.0
10100010001 1.0
10100010001 1.0
10100101010 1.0
10100010001 1.0
10100010001 1.0
10100010001 1.0
10100010001 1.0
10100010001 1.0
01100010001 1.0
10100010001 1.0
10110010001 1.0
10100101010 1.0
10100010001 1.0
10100010001 1.0
10100010001 1.0
10100010001 1.0
10100010001 1.0
10111010001 1.0
10100010001 1.0
10100010001 1.0
10100101010 1.0
01111010101 1.0
10100010001 1.0
10100101010 1.0
10110010001 1.0
10100010001 1.0
10100010001 1.0
10100101010 1.0
10100101010 1.0
10100010001 1.0
10100010001 1.0
10100010001 1.0
10100010001 1.0
10100010001 1.0
10100010001 1.0
10100010001 1.0
10100010001 1.0
10100010001 1.0
01100010001 1.0
10100101010 1.0
10100010001 1.0
10100101010 1.0
10100010001 1.0
10100010001 1.0
10100010001 1.0
10000101010 1.0
10100101010 1.0
10100010001 1.0
10100010001 1.0
10100010001 1.0
10100010001 1.0
10100010001 1.0
10100010001 1.0
01111010101 1.0
10110010001 1.0
10100010001 1.0
11011010100 1.0
10100010001 1.0
10100010001 1.0
10100010001 1.0
10100010001 1.0
01101010101 1.0
10100010001 1.0
10100010001 1.0
10100010001 1.0
10100101010 1.0
01101010101 1.0
01111010101 1.0
10100101010 1.0
10100010001 1.0
01111010101 1.0
10100010001 1.0
10110010001 1.0
10100010001 1.0
10100101010 1.0
10100101010 1.0
10100101010 1.0
10100010001 1.0
10100010001 1.0
10100010001 1.0
10100010001 1.0
10100010001 1.0
10100010001 1.0
10100010001 1.0
10100010001 1.0
10100101010 1.0
10100101010 1.0
10100010001 1.0
10110010001 1.0
10100010001 1.0
10100101010 1.0
10110010001 1.0
10100101010 1.0
10100010001 1.0
01101010101 1.0
10110010001 1.0
10100010001 1.0
10100010001 1.0
01111010101 1.0
10100010001 1.0
10100010001 1.0
10100010001 1.0
10100101010 1.0
10100010001 1.0
10100101010 1.0
10110010001 1.0
10100010001 1.0
01111010101 1.0
10100010001 1.0
10100010001 1.0
10100010001 1.0
10100010001 1.0
10100010001 1.0
10100101010 1.0
10100010001 1.0
10100010001 1.0
10100010001 1.0
10100010001 1.0
01111010101 1.0
10110010001 1.0
10100101010 1.0
10100010001 1.0
10100010001 1.0
10100010001 1.0
10100101010 1.0
10100010001 1.0
01100010101 1.0
10100101010 1.0
10100101010 1.0
10000101010 1.0
10100101010 1.0
10100010001 1.0
10100101010 1.0
10100010001 1.0
10100101010 1.0
11111010100 1.0
10100010001 1.0
10100101010 1.0
10100010001 1.0
01111010101 1.0
10100101010 1.0
10110010001 1.0
10100010001 1.0
10100010001 1.0
10100010001 1.0
10100010001 1.0
10100010001 1.0
01111010101 1.0
10100010001 1.0
10100010001 1.0
10110010001 1.0
10100010001 1.0
10100010001 1.0
10100010001 1.0
10100010001 1.0
10100010001 1.0
10100010001 1.0
10100101010 1.0
10000101010 1.0
10100010001 1.0
10110010001 1.0
11111010100 1.0
10100010001 1.0
10100010001 1.0
10100101010 1.0
01100010001 1.0
10100010001 1.0
10100010001 1.0
10100010001 1.0
10100010001 1.0
10100010001 1.0
10100101010 1.0
10100010001 1.0
10100011001 1.0
10100101010 1.0
11011010100 1.0
10100010001 1.0
01101010101 1.0
10100010001 1.0
10100010001 1.0
10100010001 1.0
10100010001 1.0
10100010001 1.0
10100010001 1.0
10100010001 1.0
10110010001 1.0
10110010001 1.0
10100101010 1.0
10100010001 1.0
10100010001 1.0
10100010001 1.0
10100010001 1.0
10100010001 1.0
10100010001 1.0
10100010001 1.0
10100010001 1.0
10100010001 1.0
01111010101 1.0
10100101010 1.0
10100010001 1.0
01101010101 1.0
10100010001 1.0
10100101010 1.0
10100010001 1.0
10100101010 1.0
10000101010 1.0
10100010001 1.0
10100010001 1.0
10100010001 1.0
10100010001 1.0
10100010001 1.0
01111010101 1.0
11111010100 1.0
01111010101 1.0
10100010001 1.0
10100010001 1.0
10100010001 1.0
01101010101 1.0
10100010001 1.0
10100010001 1.0
10100010001 1.0
10100010001 1.0
10100010001 1.0
10100010001 1.0
10110010001 1.0
10100010001 1.0
10110010001 1.0
01101010101 1.0
10100101010 1.0
01101010101 1.0
10100010001 1.0
10100010001 1.0
10100101010 1.0
10100010001 1.0
10100010001 1.0
10100101010 1.0
10100010001 1.0
10100010001 1.0
00100010001 1.0
10110010001 1.0
10100010001 1.0
10100010001 1.0
10100101010 1.0
10100010001 1.0
01111010101 1.0
10100101010 1.0
10100101010 1.0
10110010001 1.0
10100010001 1.0
10100010001 1.0
10100010001 1.0
10100010001 1.0
10100010001 1.0
01111010101 1.0
10100010001 1.0
10100010001 1.0
10100010001 1.0
10100010001 1.0
10100010001 1.0
10100010001 1.0
10100010001 1.0
10100010000 1.0
10100010001 1.0
10100010001 1.0
10100010001 1.0
10100101010 1.0
01101010100 1.0
10100101010 1.0
10110010001 1.0
10100010001 1.0
10100101010 1.0
10100010001 1.0
10100010001 1.0
11111010101 1.0
10100010001 1.0
10110010001 1.0
10100010001 1.0
11111010100 1.0
10110010001 1.0
10100010001 1.0
10100010001 1.0
01101010101 1.0
10110010001 1.0
10100010001 1.0
01111010101 1.0
10100010001 1.0
10100010001 1.0
10110010001 1.0
10100010001 1.0
10100010001 1.0
10100101010 1.0
10100010001 1.0
10100010001 1.0
10100101010 1.0
10100010001 1.0
10110010001 1.0
10100010001 1.0
10100010001 1.0
10100010001 1.0
10100010001 1.0
01100010001 1.0
10100010001 1.0
10100010001 1.0
10110010001 1.0
10110010001 1.0
10110010001 1.0
10100010001 1.0
10110010001 1.0
10100010001 1.0
01111010101 1.0
10100101010 1.0
10100010001 1.0
10100101010 1.0
10110010001 1.0
10100010001 1.0
10100010001 1.0
10100010001 1.0
10000101010 1.0
10110010001 1.0
